2 1003.87 966.461 378.133 13.9611 0.000695154 
3 973.032 951.115 265.937 24.9401 0.00138434 
4 940.261 935.45 203.393 37.8679 0.00229564 
5 916.846 920.81 163.965 52.4142 0.00342394 
6 901.846 906.604 137.121 68.3141 0.00476374 
7 893.32 892.539 117.874 85.3518 0.00630922 
8 889.665 878.47 103.563 103.347 0.00805429 
9 889.194 863.83 92.6994 122.142 0.00999278 
10 892.614 850.058 84.1547 141.613 0.0121183 
11 897.692 835.584 77.3798 161.632 0.0144245 
12 904.716 821.155 72.1703 182.101 0.0169049 
13 912.522 805.915 67.8688 202.921 0.0195531 
14 922.106 791.164 64.4854 224.02 0.0223626 
15 933.359 777.001 61.9274 245.32 0.0253268 
16 944.175 761.42 59.7328 266.736 0.0284396 
17 955.226 745.314 57.9433 288.219 0.0316946 
18 967.656 730.038 56.6952 309.728 0.0350854 
19 981.774 716.035 55.9937 331.218 0.0386058 
20 996.839 702.599 55.6823 352.631 0.0422499 
21 1011.48 688.328 55.5094 373.903 0.0460117 
22 1025.83 673.463 55.4612 395.004 0.0498853 
23 1040.37 658.593 55.5818 415.907 0.053865 
24 1055.32 644.026 55.8887 436.586 0.0579452 
25 1070.62 629.734 56.3678 457.008 0.0621203 
26 1086 615.476 56.985 477.138 0.066385 
27 1101.57 601.424 57.7427 496.954 0.0707342 
28 1117.46 587.748 58.6428 516.439 0.0751627 
29 1133.61 574.438 59.6704 535.569 0.0796657 
30 1149.79 561.272 60.7917 554.318 0.0842384 
31 1165.71 547.949 61.9659 572.657 0.0888763 
32 1181.48 534.625 63.1945 590.577 0.0935749 
33 1197.31 521.558 64.4893 608.077 0.0983297 
34 1213.36 508.962 65.8589 625.154 0.103137 
35 1229.77 496.996 67.3087 641.803 0.107991 
36 1246.6 485.762 68.8398 658.02 0.11289 
37 1263.86 475.29 70.4492 673.796 0.117829 
38 1281.51 465.537 72.1291 689.121 0.122805 
39 1299.4 456.374 73.8659 703.98 0.127814 
40 1317.35 447.582 75.6407 718.355 0.132854 
41 1335.11 438.928 77.4337 732.225 0.137921 
42 1352.72 430.451 79.2428 745.592 0.143013 
43 1370.27 422.254 81.0706 758.46 0.148126 
44 1387.83 414.431 82.9188 770.832 0.153259 
45 1405.46 407.057 84.7888 782.714 0.158407 
46 1423.22 400.192 86.6809 794.106 0.16357 
47 1441.13 393.878 88.595 805.012 0.168745 
48 1459.2 388.135 90.5295 815.432 0.173929 
49 1477.44 382.962 92.4824 825.364 0.179122 
50 1495.81 378.333 94.4502 834.805 0.18432 
51 1514.27 374.219 96.4295 843.751 0.189524 
52 1532.87 370.654 98.4198 852.21 0.194731 
53 1551.65 367.686 100.421 860.188 0.199939 
54 1570.63 365.349 102.433 867.694 0.205149 
55 1589.84 363.671 104.455 874.735 0.210357 
56 1609.29 362.665 106.486 881.316 0.215564 
57 1629 362.336 108.523 887.445 0.220769 
58 1648.94 362.673 110.566 893.123 0.225971 
59 1669.11 363.654 112.61 898.353 0.231169 
60 1689.46 365.241 114.653 903.137 0.236362 
61 1709.97 367.397 116.691 907.476 0.241552 
62 1730.64 370.137 118.723 911.379 0.246737 
63 1751.52 373.487 120.75 914.855 0.251917 
64 1772.61 377.466 122.771 917.916 0.257092 
65 1793.95 382.092 124.785 920.571 0.262263 
66 1815.54 387.376 126.792 922.827 0.267428 
67 1837.39 393.324 128.791 924.695 0.272588 
68 1859.51 399.937 130.781 926.179 0.277745 
69 1881.89 407.208 132.762 927.288 0.282897 
70 1904.53 415.128 134.732 928.025 0.288046 
71 1927.42 423.683 136.69 928.395 0.293192 
72 1950.58 432.881 138.635 928.41 0.298336 
73 1974 442.733 140.567 928.079 0.303479 
74 1997.72 453.244 142.485 927.415 0.308621 
75 2021.74 464.418 144.39 926.427 0.313763 
76 2046.05 476.255 146.279 925.124 0.318905 
77 2070.68 488.753 148.153 923.515 0.32405 
78 2095.61 501.904 150.011 921.61 0.329197 
79 2120.83 515.698 151.852 919.413 0.334349 
80 2146.35 530.12 153.674 916.933 0.339505 
81 2172.15 545.155 155.477 914.174 0.344668 
82 2198.23 560.804 157.26 911.149 0.349838 
83 2224.61 577.069 159.023 907.868 0.355017 
84 2251.29 593.949 160.766 904.342 0.360206 
85 2278.28 611.444 162.488 900.581 0.365406 
86 2305.57 629.549 164.189 896.596 0.370618 
87 2333.18 648.26 165.869 892.395 0.375844 
88 2361.1 667.567 167.526 887.987 0.381084 
89 2389.32 687.462 169.161 883.38 0.386342 
90 2417.84 707.931 170.774 878.58 0.391617 
91 2446.65 728.962 172.362 873.596 0.396912 
92 2475.75 750.549 173.927 868.436 0.402227 
93 2505.14 772.685 175.467 863.11 0.407565 
94 2534.82 795.365 176.983 857.628 0.412926 
95 2564.79 818.58 178.474 851.999 0.418311 
96 2595.04 842.32 179.941 846.23 0.423723 
97 2625.57 866.573 181.382 840.329 0.429163 
98 2656.38 891.325 182.797 834.304 0.434632 
99 2687.44 916.564 184.186 828.16 0.440131 
100 2718.75 942.27 185.548 821.902 0.445662 
101 2750.3 968.43 186.883 815.537 0.451226 
102 2782.08 995.035 188.192 809.074 0.456825 
103 2814.1 1022.08 189.473 802.525 0.46246 
104 2846.36 1049.55 190.727 795.899 0.468131 
105 2878.85 1077.45 191.953 789.207 0.473841 
106 2911.58 1105.76 193.152 782.458 0.479591 
107 2944.55 1134.48 194.324 775.663 0.485381 
108 2977.74 1163.59 195.469 768.829 0.491212 
109 3011.15 1193.08 196.585 761.965 0.497087 
110 3044.79 1222.95 197.674 755.08 0.503006 
111 3078.63 1253.17 198.736 748.18 0.508969 
112 3112.68 1283.74 199.769 741.272 0.514979 
113 3146.92 1314.64 200.775 734.364 0.521036 
114 3181.34 1345.86 201.752 727.46 0.52714 
115 3215.94 1377.37 202.702 720.566 0.533294 
116 3250.69 1409.17 203.623 713.687 0.539496 
117 3285.57 1441.22 204.515 706.825 0.545749 
118 3320.59 1473.53 205.379 699.985 0.552053 
119 3355.71 1506.05 206.215 693.169 0.558409 
120 3390.91 1538.78 207.021 686.378 0.564816 
121 3426.19 1571.69 207.798 679.615 0.571276 
122 3461.52 1604.77 208.546 672.886 0.57779 
123 3496.9 1638 209.265 666.2 0.584357 
124 3532.34 1671.38 209.955 659.564 0.590979 
125 3567.81 1704.89 210.616 652.984 0.597655 
126 3603.31 1738.52 211.248 646.467 0.604387 
127 3638.83 1772.24 211.852 640.021 0.611174 
128 3674.36 1806.06 212.428 633.65 0.618016 
129 3709.9 1839.95 212.975 627.36 0.624915 
130 3745.43 1873.9 213.493 621.157 0.631869 
131 3780.94 1907.9 213.984 615.046 0.638879 
132 3816.42 1941.92 214.446 609.03 0.645945 
133 3851.85 1975.96 214.881 603.114 0.653067 
134 3887.23 2009.99 215.287 597.301 0.660244 
135 3922.54 2044.01 215.666 591.593 0.667476 
136 3957.75 2077.99 216.017 585.995 0.674763 
137 3992.87 2111.92 216.34 580.506 0.682104 
138 4027.87 2145.78 216.636 575.129 0.689499 
139 4062.74 2179.54 216.904 569.864 0.696946 
140 4097.45 2213.21 217.146 564.713 0.704446 
141 4131.98 2246.74 217.359 559.675 0.711997 
142 4166.34 2280.14 217.546 554.754 0.719599 
143 4200.51 2313.39 217.706 549.954 0.727251 
144 4234.47 2346.47 217.839 545.281 0.734952 
145 4268.22 2379.36 217.946 540.736 0.742704 
146 4301.74 2412.07 218.027 536.325 0.750503 
147 4335.02 2444.56 218.081 532.049 0.758351 
148 4368.06 2476.83 218.11 527.912 0.766245 
149 4400.84 2508.86 218.113 523.916 0.774185 
150 4433.34 2540.64 218.091 520.063 0.782171 
151 4465.56 2572.15 218.044 516.354 0.7902 
152 4497.48 2603.37 217.971 512.792 0.798272 
153 4529.09 2634.31 217.874 509.376 0.806385 
154 4560.37 2664.93 217.752 506.108 0.814539 
155 4591.3 2695.22 217.606 502.988 0.822731 
156 4621.89 2725.18 217.436 500.014 0.830961 
157 4652.1 2754.77 217.241 497.187 0.839226 
158 4681.92 2784 217.023 494.506 0.847525 
159 4711.34 2812.84 216.782 491.968 0.855855 
160 4740.34 2841.29 216.517 489.571 0.864216 
161 4768.91 2869.32 216.229 487.314 0.872605 
162 4797.03 2896.92 215.918 485.198 0.88102 
163 4824.69 2924.08 215.584 483.224 0.889461 
164 4851.89 2950.8 215.228 481.393 0.897926 
165 4878.61 2977.05 214.85 479.708 0.906415 
166 4904.85 3002.83 214.45 478.168 0.914924 
167 4930.59 3028.13 214.028 476.774 0.923453 
168 4955.82 3052.93 213.586 475.526 0.932001 
169 4980.54 3077.23 213.122 474.425 0.940565 
170 5004.74 3101.01 212.638 473.469 0.949144 
171 5028.39 3124.27 212.134 472.659 0.957736 
172 5051.5 3146.99 211.609 471.994 0.96634 
173 5074.05 3169.16 211.065 471.472 0.974953 
174 5096.04 3190.78 210.501 471.091 0.983574 
175 5117.44 3211.83 209.917 470.85 0.9922 
176 5138.26 3232.31 209.315 470.748 1.00083 
177 5158.47 3252.2 208.694 470.78 1.00946 
178 5178.08 3271.5 208.054 470.945 1.01809 
179 5197.06 3290.2 207.397 471.239 1.02671 
180 5215.41 3308.29 206.721 471.658 1.03533 
181 5233.12 3325.76 206.028 472.201 1.04394 
182 5250.18 3342.6 205.317 472.864 1.05254 
183 5266.58 3358.81 204.589 473.649 1.06113 
184 5282.31 3374.39 203.844 474.554 1.06971 
185 5297.38 3389.31 203.083 475.579 1.07827 
186 5311.77 3403.59 202.306 476.721 1.08682 
187 5325.49 3417.21 201.513 477.981 1.09534 
188 5338.51 3430.17 200.704 479.355 1.10385 
189 5350.85 3442.46 199.88 480.843 1.11233 
190 5362.48 3454.08 199.042 482.443 1.1208 
191 5373.42 3465.03 198.188 484.152 1.12923 
192 5383.65 3475.29 197.32 485.968 1.13764 
193 5393.16 3484.88 196.439 487.888 1.14602 
194 5401.96 3493.78 195.543 489.91 1.15437 
195 5410.03 3501.98 194.634 492.029 1.16268 
196 5417.38 3509.5 193.712 494.244 1.17096 
197 5424 3516.32 192.777 496.549 1.1792 
198 5429.88 3522.45 191.829 498.942 1.18741 
199 5435.02 3527.88 190.869 501.417 1.19557 
200 5439.43 3532.62 189.897 503.972 1.20369 
201 5443.08 3536.66 188.913 506.601 1.21176 
202 5445.99 3539.99 187.917 509.302 1.21978 
203 5448.15 3542.63 186.91 512.076 1.22776 
204 5449.56 3544.56 185.893 514.919 1.23568 
205 5450.22 3545.8 184.864 517.831 1.24356 
206 5450.13 3546.33 183.826 520.809 1.25138 
207 5449.3 3546.17 182.777 523.853 1.25915 
208 5447.71 3545.3 181.719 526.959 1.26687 
209 5445.38 3543.74 180.652 530.126 1.27453 
210 5442.3 3541.48 179.575 533.352 1.28213 
211 5438.47 3538.52 178.49 536.634 1.28967 
212 5433.91 3534.88 177.396 539.97 1.29716 
213 5428.6 3530.54 176.294 543.357 1.30458 
214 5422.55 3525.53 175.184 546.792 1.31195 
215 5415.77 3519.83 174.067 550.272 1.31925 
216 5408.25 3513.45 172.942 553.795 1.32648 
217 5400 3506.4 171.811 557.357 1.33365 
218 5391.02 3498.69 170.672 560.955 1.34076 
219 5381.33 3490.31 169.527 564.585 1.34779 
220 5370.91 3481.28 168.375 568.244 1.35476 
221 5359.78 3471.6 167.218 571.927 1.36166 
222 5347.94 3461.28 166.054 575.631 1.36849 
223 5335.39 3450.32 164.886 579.351 1.37524 
224 5322.15 3438.74 163.711 583.084 1.38192 
225 5308.21 3426.53 162.532 586.825 1.38853 
226 5293.59 3413.72 161.348 590.569 1.39506 
227 5278.29 3400.31 160.159 594.316 1.40151 
228 5262.31 3386.3 158.966 598.062 1.40789 
229 5245.66 3371.69 157.769 601.807 1.41419 
230 5228.35 3356.51 156.568 605.549 1.42041 
231 5210.39 3340.74 155.364 609.286 1.42656 
232 5191.78 3324.41 154.156 613.016 1.43263 
233 5172.53 3307.51 152.946 616.738 1.43862 
234 5152.65 3290.06 151.733 620.449 1.44453 
235 5132.15 3272.07 150.517 624.148 1.45037 
236 5111.04 3253.53 149.299 627.833 1.45612 
237 5089.32 3234.48 148.079 631.501 1.4618 
238 5067 3214.9 146.858 635.151 1.4674 
239 5044.1 3194.82 145.635 638.779 1.47292 
240 5020.63 3174.24 144.41 642.386 1.47836 
241 4996.59 3153.18 143.185 645.966 1.48372 
242 4972 3131.64 141.959 649.519 1.48901 
243 4946.86 3109.64 140.732 653.043 1.49422 
244 4921.2 3087.19 139.505 656.533 1.49935 
245 4895.01 3064.31 138.278 659.989 1.5044 
246 4868.33 3041 137.05 663.407 1.50938 
247 4841.15 3017.28 135.823 666.784 1.51427 
248 4813.49 2993.17 134.596 670.119 1.51909 
249 4785.36 2968.67 133.37 673.408 1.52384 
250 4756.78 2943.81 132.144 676.648 1.52851 
251 4727.77 2918.6 130.919 679.837 1.5331 
252 4698.32 2893.04 129.696 682.973 1.53762 
253 4668.46 2867.15 128.473 686.055 1.54206 
254 4638.2 2840.95 127.252 689.083 1.54643 
255 4607.54 2814.43 126.033 692.055 1.55073 
256 4576.5 2787.61 124.816 694.971 1.55495 
257 4545.08 2760.51 123.601 697.829 1.5591 
258 4513.31 2733.12 122.388 700.628 1.56318 
259 4481.2 2705.48 121.178 703.367 1.56719 
260 4448.75 2677.57 119.971 706.045 1.57113 
261 4415.97 2649.43 118.766 708.662 1.575 
262 4382.9 2621.06 117.565 711.216 1.5788 
263 4349.52 2592.47 116.367 713.706 1.58254 
264 4315.87 2563.67 115.172 716.13 1.5862 
265 4281.95 2534.69 113.981 718.489 1.58981 
266 4247.78 2505.53 112.794 720.781 1.59335 
267 4213.37 2476.21 111.61 723.005 1.59682 
268 4178.73 2446.74 110.431 725.159 1.60023 
269 4143.9 2417.14 109.256 727.243 1.60359 
270 4108.86 2387.41 108.085 729.256 1.60688 
271 4073.65 2357.59 106.919 731.197 1.61011 
272 4038.29 2327.67 105.757 733.064 1.61329 
273 4002.77 2297.68 104.6 734.856 1.61641 
274 3967.13 2267.64 103.448 736.573 1.61948 
275 3931.38 2237.55 102.3 738.213 1.62249 
276 3895.54 2207.44 101.158 739.776 1.62546 
277 3859.62 2177.32 100.021 741.261 1.62837 
278 3823.62 2147.2 98.8888 742.668 1.63123 
279 3787.58 2117.09 97.7621 743.998 1.63405 
280 3751.49 2087 96.6411 745.25 1.63682 
281 3715.37 2056.94 95.5257 746.425 1.63955 
282 3679.24 2026.93 94.416 747.522 1.64223 
283 3643.11 1996.97 93.3122 748.543 1.64487 
284 3607 1967.09 92.2145 749.487 1.64747 
285 3570.91 1937.29 91.1228 750.355 1.65003 
286 3534.86 1907.58 90.0373 751.146 1.65255 
287 3498.87 1877.98 88.958 751.862 1.65504 
288 3462.95 1848.51 87.8852 752.502 1.65749 
289 3427.12 1819.16 86.8187 753.068 1.65992 
290 3391.39 1789.96 85.7588 753.559 1.66231 
291 3355.77 1760.93 84.7054 753.975 1.66467 
292 3320.28 1732.06 83.6586 754.318 1.667 
293 3284.95 1703.38 82.6185 754.588 1.66931 
294 3249.77 1674.91 81.5851 754.786 1.67159 
295 3214.77 1646.65 80.5584 754.912 1.67386 
296 3179.96 1618.61 79.5385 754.966 1.6761 
297 3145.37 1590.82 78.5254 754.95 1.67833 
298 3111 1563.29 77.5191 754.864 1.68054 
299 3076.88 1536.03 76.5196 754.709 1.68274 
300 3043.01 1509.06 75.5269 754.486 1.68493 
301 3009.42 1482.39 74.5409 754.195 1.68711 
302 2976.12 1456.03 73.562 753.838 1.68928 
303 2943.1 1429.98 72.59 753.414 1.69144 
304 2910.39 1404.25 71.6252 752.925 1.6936 
305 2877.99 1378.84 70.6676 752.371 1.69575 
306 2845.9 1353.77 69.7174 751.754 1.69789 
307 2814.13 1329.03 68.7747 751.073 1.70004 
308 2782.7 1304.64 67.8395 750.33 1.70218 
309 2751.6 1280.6 66.912 749.526 1.70431 
310 2720.85 1256.9 65.9923 748.661 1.70645 
311 2690.45 1233.57 65.0804 747.736 1.70859 
312 2660.41 1210.6 64.1764 746.754 1.71072 
313 2630.73 1188 63.2804 745.713 1.71286 
314 2601.44 1165.78 62.3924 744.616 1.715 
315 2572.52 1143.93 61.5126 743.464 1.71714 
316 2543.99 1122.47 60.641 742.258 1.71929 
317 2515.85 1101.4 59.7776 740.998 1.72144 
318 2488.12 1080.72 58.9226 739.687 1.7236 
319 2460.79 1060.44 58.0758 738.325 1.72576 
320 2433.88 1040.56 57.2375 736.913 1.72793 
321 2407.39 1021.09 56.4076 735.453 1.73011 
322 2381.33 1002.02 55.5861 733.947 1.7323 
323 2355.69 983.378 54.7731 732.395 1.7345 
324 2330.5 965.151 53.9687 730.799 1.73671 
325 2305.76 947.346 53.1727 729.161 1.73893 
326 2281.46 929.969 52.3853 727.481 1.74117 
327 2257.63 913.022 51.6064 725.762 1.74342 
328 2234.25 896.509 50.836 724.006 1.74569 
329 2211.35 880.434 50.0742 722.212 1.74797 
330 2188.92 864.8 49.3209 720.385 1.75027 
331 2166.96 849.61 48.576 718.524 1.75259 
332 2145.5 834.868 47.8397 716.632 1.75492 
333 2124.52 820.575 47.1118 714.71 1.75728 
334 2104.04 806.736 46.3923 712.761 1.75966 
335 2084.06 793.353 45.6811 710.786 1.76206 
336 2064.58 780.428 44.9783 708.787 1.76449 
337 2045.61 767.964 44.2837 706.766 1.76693 
338 2027.16 755.964 43.5973 704.725 1.76941 
339 2009.23 744.429 42.9191 702.665 1.77191 
340 1991.82 733.362 42.2489 700.59 1.77444 
341 1974.93 722.764 41.5867 698.501 1.777 
342 1958.58 712.638 40.9324 696.401 1.77958 
343 1942.76 702.986 40.286 694.291 1.7822 
344 1927.49 693.808 39.6472 692.173 1.78485 
345 1912.75 685.106 39.016 690.051 1.78753 
346 1898.56 676.882 38.3923 687.925 1.79025 
347 1884.93 669.137 37.776 685.8 1.793 
348 1871.84 661.871 37.167 683.676 1.79579 
349 1859.31 655.085 36.5651 681.557 1.79862 
350 1847.35 648.781 35.9701 679.446 1.80148 
351 1835.94 642.959 35.382 677.343 1.80438 
352 1825.1 637.616 34.8008 675.251 1.80733 
353 1814.81 632.75 34.2265 673.17 1.81031 
354 1805.09 628.359 33.6591 671.101 1.81333 
355 1795.92 624.44 33.0987 669.045 1.8164 
356 1787.31 620.99 32.5452 667.002 1.8195 
357 1779.25 618.005 31.9988 664.975 1.82264 
358 1771.74 615.484 31.4593 662.963 1.82582 
359 1764.78 613.42 30.9268 660.967 1.82903 
360 1758.36 611.812 30.4014 658.989 1.83229 
361 1752.49 610.654 29.883 657.028 1.83558 
362 1747.16 609.943 29.3717 655.087 1.83891 
363 1742.36 609.674 28.8674 653.166 1.84227 
364 1738.09 609.842 28.3701 651.266 1.84568 
365 1734.36 610.442 27.8799 649.388 1.84912 
366 1731.14 611.469 27.3967 647.532 1.85259 
367 1728.44 612.917 26.9205 645.7 1.8561 
368 1726.26 614.781 26.4513 643.893 1.85965 
369 1724.58 617.055 25.989 642.111 1.86322 
370 1723.41 619.733 25.5337 640.355 1.86684 
371 1722.73 622.808 25.0854 638.627 1.87048 
372 1722.55 626.273 24.6439 636.928 1.87416 
373 1722.85 630.122 24.2093 635.258 1.87787 
374 1723.63 634.348 23.7815 633.618 1.88161 
375 1724.88 638.942 23.3605 632.009 1.88539 
376 1726.59 643.898 22.9462 630.433 1.88919 
377 1728.77 649.208 22.5387 628.89 1.89302 
378 1731.39 654.863 22.1378 627.381 1.89688 
379 1734.45 660.854 21.7434 625.907 1.90077 
380 1737.95 667.174 21.3556 624.47 1.90468 
381 1741.88 673.814 20.9743 623.07 1.90862 
382 1746.22 680.763 20.5994 621.708 1.91259 
383 1750.96 688.013 20.2308 620.386 1.91657 
384 1756.11 695.553 19.8685 619.104 1.92059 
385 1761.65 703.375 19.5123 617.863 1.92462 
386 1767.56 711.467 19.1623 616.665 1.92868 
387 1773.84 719.819 18.8183 615.51 1.93276 
388 1780.48 728.42 18.4802 614.4 1.93685 
389 1787.47 737.26 18.1479 613.335 1.94097 
390 1794.79 746.326 17.8214 612.317 1.9451 
391 1802.44 755.607 17.5005 611.346 1.94925 
392 1810.4 765.091 17.1852 610.425 1.95341 
393 1818.66 774.766 16.8753 609.553 1.95758 
394 1827.21 784.62 16.5707 608.732 1.96177 
395 1836.03 794.639 16.2713 607.964 1.96597 
396 1845.12 804.81 15.977 607.248 1.97018 
397 1854.45 815.121 15.6876 606.587 1.9744 
398 1864.02 825.557 15.4031 605.981 1.97863 
399 1873.82 836.105 15.1232 605.432 1.98286 
400 1883.82 846.75 14.8479 604.94 1.98709 
401 1894.01 857.479 14.577 604.507 1.99133 
402 1904.39 868.286 14.3106 604.133 1.99557 
403 1914.95 879.167 14.0485 603.817 1.99981 
404 1925.69 890.116 13.7908 603.559 2.00406 
405 1936.6 901.129 13.5375 603.359 2.0083 
406 1947.68 912.2 13.2885 603.217 2.01254 
407 1958.91 923.325 13.0439 603.132 2.01678 
408 1970.3 934.498 12.8036 603.105 2.02102 
409 1981.84 945.714 12.5677 603.134 2.02526 
410 1993.52 956.967 12.336 603.22 2.02949 
411 2005.33 968.252 12.1086 603.362 2.03372 
412 2017.27 979.564 11.8855 603.56 2.03794 
413 2029.34 990.896 11.6666 603.813 2.04216 
414 2041.52 1002.24 11.4519 604.121 2.04636 
415 2053.8 1013.6 11.2414 604.484 2.05056 
416 2066.19 1024.96 11.035 604.901 2.05476 
417 2078.67 1036.31 10.8327 605.371 2.05894 
418 2091.24 1047.66 10.6346 605.895 2.0631 
419 2103.89 1058.98 10.4404 606.471 2.06726 
420 2116.61 1070.29 10.2503 607.099 2.07141 
421 2129.39 1081.57 10.0642 607.779 2.07553 
422 2142.23 1092.81 9.88199 608.509 2.07965 
423 2155.11 1104.01 9.70369 609.29 2.08375 
424 2168.03 1115.15 9.52924 610.12 2.08783 
425 2180.99 1126.25 9.35859 610.999 2.09189 
426 2193.96 1137.27 9.1917 611.927 2.09593 
427 2206.95 1148.23 9.02851 612.901 2.09995 
428 2219.94 1159.11 8.86898 613.923 2.10395 
429 2232.92 1169.9 8.71306 614.991 2.10793 
430 2245.89 1180.6 8.56068 616.104 2.11188 
431 2258.84 1191.19 8.41179 617.261 2.1158 
432 2271.75 1201.68 8.26634 618.462 2.1197 
433 2284.61 1212.05 8.12425 619.705 2.12357 
434 2297.43 1222.3 7.98548 620.991 2.12741 
435 2310.18 1232.41 7.84994 622.317 2.13122 
436 2322.85 1242.38 7.71759 623.683 2.135 
437 2335.45 1252.19 7.58834 625.088 2.13874 
438 2347.94 1261.85 7.46212 626.531 2.14245 
439 2360.33 1271.35 7.33886 628.012 2.14613 
440 2372.6 1280.66 7.2185 629.528 2.14976 
441 2384.75 1289.79 7.10094 631.079 2.15336 
442 2396.75 1298.73 6.98611 632.663 2.15691 
443 2408.61 1307.46 6.87393 634.281 2.16042 
444 2420.3 1315.98 6.76432 635.93 2.16389 
445 2431.81 1324.28 6.65718 637.609 2.16732 
446 2443.14 1332.35 6.55244 639.318 2.17069 
447 2454.27 1340.17 6.44999 641.054 2.17402 
448 2465.19 1347.75 6.34976 642.817 2.1773 
449 2475.88 1355.06 6.25163 644.605 2.18052 
450 2486.34 1362.1 6.15553 646.418 2.1837 
451 2496.55 1368.86 6.06135 648.253 2.18682 
452 2506.51 1375.34 5.96909 650.11 2.18988 
453 2516.22 1381.54 5.87873 651.988 2.19289 
454 2525.68 1387.46 5.79025 653.887 2.19584 
455 2534.88 1393.1 5.70366 655.804 2.19873 
456 2543.83 1398.46 5.61894 657.74 2.20157 
457 2552.52 1403.55 5.53607 659.694 2.20436 
458 2560.96 1408.35 5.45505 661.664 2.20709 
459 2569.15 1412.88 5.37587 663.649 2.20976 
460 2577.08 1417.14 5.2985 665.649 2.21238 
461 2584.75 1421.12 5.22294 667.663 2.21494 
462 2592.17 1424.82 5.14916 669.689 2.21745 
463 2599.33 1428.26 5.07717 671.727 2.21989 
464 2606.23 1431.42 5.00693 673.775 2.22229 
465 2612.88 1434.31 4.93843 675.833 2.22462 
466 2619.26 1436.93 4.87166 677.899 2.2269 
467 2625.39 1439.29 4.80659 679.972 2.22913 
468 2631.26 1441.38 4.74322 682.051 2.23129 
469 2636.87 1443.2 4.68151 684.135 2.2334 
470 2642.22 1444.76 4.62144 686.222 2.23545 
471 2647.31 1446.06 4.56301 688.312 2.23745 
472 2652.14 1447.1 4.50618 690.403 2.23939 
473 2656.72 1447.89 4.45094 692.495 2.24127 
474 2661.03 1448.41 4.39726 694.584 2.2431 
475 2665.09 1448.68 4.34511 696.672 2.24487 
476 2668.88 1448.7 4.29448 698.755 2.24658 
477 2672.42 1448.47 4.24533 700.834 2.24824 
478 2675.7 1447.99 4.19765 702.905 2.24984 
479 2678.72 1447.26 4.1514 704.969 2.25138 
480 2681.48 1446.29 4.10657 707.024 2.25287 
481 2683.98 1445.08 4.06311 709.067 2.2543 
482 2686.22 1443.63 4.021 711.099 2.25567 
483 2688.21 1441.94 3.98022 713.117 2.25699 
484 2689.94 1440.02 3.94073 715.12 2.25825 
485 2691.41 1437.87 3.90251 717.106 2.25945 
486 2692.63 1435.49 3.86551 719.074 2.2606 
487 2693.59 1432.88 3.82971 721.023 2.26168 
488 2694.3 1430.05 3.79508 722.95 2.26272 
489 2694.75 1426.99 3.76157 724.854 2.2637 
490 2694.95 1423.73 3.72917 726.734 2.26462 
491 2694.9 1420.24 3.69782 728.588 2.26548 
492 2694.59 1416.55 3.6675 730.413 2.26629 
493 2694.04 1412.64 3.63817 732.21 2.26704 
494 2693.23 1408.54 3.60979 733.975 2.26774 
495 2692.17 1404.23 3.58232 735.707 2.26838 
496 2690.86 1399.72 3.55572 737.405 2.26896 
497 2689.31 1395.02 3.52995 739.066 2.26949 
498 2687.51 1390.13 3.50497 740.689 2.26997 
499 2685.46 1385.05 3.48075 742.272 2.27038 
500 2683.17 1379.78 3.45723 743.813 2.27075 
501 2680.63 1374.34 3.43438 745.311 2.27106 
502 2677.86 1368.72 3.41219 746.764 2.27131 
503 2674.85 1362.94 3.39066 748.173 2.27151 
504 2671.61 1356.99 3.36978 749.537 2.27166 
505 2668.15 1350.88 3.34956 750.855 2.27175 
506 2664.47 1344.61 3.32999 752.128 2.27179 
507 2660.57 1338.2 3.31106 753.355 2.27178 
508 2656.47 1331.65 3.29277 754.536 2.27173 
509 2652.16 1324.95 3.27512 755.67 2.27162 
510 2647.64 1318.13 3.25811 756.757 2.27146 
511 2642.94 1311.18 3.24173 757.796 2.27126 
512 2638.05 1304.11 3.22597 758.788 2.271 
513 2632.97 1296.92 3.21084 759.731 2.27071 
514 2627.72 1289.63 3.19632 760.626 2.27036 
515 2622.29 1282.24 3.18242 761.472 2.26998 
516 2616.7 1274.75 3.16912 762.269 2.26954 
517 2610.96 1267.17 3.15643 763.016 2.26907 
518 2605.05 1259.51 3.14433 763.713 2.26855 
519 2599.01 1251.77 3.13282 764.359 2.268 
520 2592.82 1243.97 3.1219 764.955 2.2674 
521 2586.49 1236.1 3.11157 765.5 2.26677 
522 2580.04 1228.17 3.1018 765.993 2.26609 
523 2573.47 1220.2 3.09261 766.435 2.26538 
524 2566.79 1212.19 3.08397 766.825 2.26463 
525 2560 1204.14 3.0759 767.162 2.26385 
526 2553.1 1196.07 3.06837 767.446 2.26303 
527 2546.12 1187.98 3.06138 767.676 2.26218 
528 2539.05 1179.88 3.05493 767.854 2.2613 
529 2531.9 1171.77 3.04901 767.977 2.26039 
530 2524.68 1163.67 3.0436 768.046 2.25945 
531 2517.4 1155.58 3.03871 768.06 2.25848 
532 2510.06 1147.51 3.03432 768.02 2.25748 
533 2502.68 1139.46 3.03043 767.923 2.25646 
534 2495.26 1131.46 3.02703 767.772 2.25541 
535 2487.8 1123.5 3.02411 767.564 2.25433 
536 2480.32 1115.59 3.02166 767.299 2.25323 
537 2472.83 1107.75 3.01968 766.978 2.25212 
538 2465.33 1099.97 3.01814 766.6 2.25098 
539 2457.83 1092.28 3.01706 766.164 2.24982 
540 2450.34 1084.67 3.0164 765.67 2.24864 
541 2442.87 1077.17 3.01618 765.118 2.24745 
542 2435.43 1069.77 3.01636 764.508 2.24624 
543 2428.03 1062.48 3.01696 763.839 2.24502 
544 2420.67 1055.32 3.01795 763.11 2.24378 
545 2413.37 1048.3 3.01932 762.322 2.24254 
546 2406.13 1041.42 3.02107 761.473 2.24128 
547 2398.97 1034.7 3.02319 760.565 2.24002 
548 2391.89 1028.14 3.02565 759.596 2.23874 
549 2384.91 1021.75 3.02846 758.566 2.23747 
550 2378.03 1015.55 3.0316 757.474 2.23618 
551 2371.26 1009.55 3.03506 756.321 2.2349 
552 2364.61 1003.74 3.03884 755.107 2.23361 
553 2358.08 998.127 3.04293 753.832 2.23232 
554 2351.67 992.72 3.04735 752.497 2.23103 
555 2345.39 987.517 3.05207 751.103 2.22974 
556 2339.24 982.521 3.05711 749.65 2.22845 
557 2333.22 977.734 3.06247 748.138 2.22716 
558 2327.34 973.159 3.06813 746.569 2.22587 
559 2321.6 968.797 3.07411 744.943 2.22458 
560 2316 964.652 3.0804 743.261 2.22329 
561 2310.54 960.725 3.087 741.522 2.22201 
562 2305.24 957.02 3.0939 739.729 2.22073 
563 2300.09 953.538 3.10111 737.882 2.21946 
564 2295.09 950.282 3.10862 735.981 2.21819 
565 2290.25 947.254 3.11644 734.027 2.21692 
566 2285.58 944.457 3.12456 732.021 2.21566 
567 2281.07 941.893 3.13298 729.964 2.21441 
568 2276.74 939.564 3.1417 727.855 2.21317 
569 2272.58 937.474 3.15072 725.698 2.21193 
570 2268.59 935.624 3.16003 723.491 2.2107 
571 2264.78 934.017 3.16964 721.235 2.20948 
572 2261.16 932.655 3.17953 718.932 2.20827 
573 2257.73 931.542 3.18972 716.583 2.20708 
574 2254.49 930.678 3.20019 714.188 2.20589 
575 2251.44 930.067 3.21095 711.748 2.20471 
576 2248.6 929.712 3.222 709.264 2.20355 
577 2245.95 929.614 3.23332 706.737 2.2024 
578 2243.52 929.776 3.24493 704.168 2.20127 
579 2241.29 930.201 3.25681 701.557 2.20015 
580 2239.28 930.891 3.26897 698.907 2.19904 
581 2237.48 931.849 3.2814 696.216 2.19795 
582 2235.91 933.077 3.2941 693.488 2.19688 
583 2234.56 934.578 3.30707 690.722 2.19583 
584 2233.44 936.354 3.3203 687.919 2.19479 
585 2232.56 938.408 3.3338 685.082 2.19378 
586 2231.92 940.742 3.34756 682.21 2.19278 
587 2231.51 943.359 3.36157 679.304 2.1918 
588 2231.35 946.261 3.37584 676.367 2.19085 
589 2231.45 949.451 3.39036 673.398 2.18991 
590 2231.79 952.932 3.40512 670.399 2.189 
591 2232.39 956.705 3.42014 667.372 2.18812 
592 2233.26 960.774 3.4354 664.316 2.18726 
593 2234.39 965.142 3.45089 661.234 2.18642 
594 2235.79 969.81 3.46663 658.127 2.18561 
595 2237.47 974.781 3.48259 654.995 2.18482 
596 2239.43 980.058 3.49879 651.84 2.18406 
597 2241.67 985.644 3.51521 648.663 2.18333 
598 2244.2 991.54 3.53186 645.466 2.18263 
599 2247.02 997.751 3.54873 642.249 2.18196 
600 2250.13 1004.28 3.56581 639.014 2.18132 
601 2253.55 1011.12 3.5831 635.762 2.18072 
602 2257.26 1018.28 3.60061 632.494 2.18014 
603 2261.27 1025.75 3.61832 629.211 2.17959 
604 2265.57 1033.53 3.63624 625.914 2.17908 
605 2270.16 1041.61 3.65435 622.602 2.17859 
606 2275.03 1049.99 3.67266 619.278 2.17814 
607 2280.19 1058.66 3.69116 615.942 2.17771 
608 2285.63 1067.63 3.70985 612.595 2.17732 
609 2291.34 1076.88 3.72873 609.238 2.17696 
610 2297.33 1086.41 3.74779 605.871 2.17662 
611 2303.58 1096.22 3.76702 602.495 2.17632 
612 2310.1 1106.3 3.78643 599.112 2.17604 
613 2316.88 1116.64 3.80601 595.723 2.17579 
614 2323.92 1127.25 3.82576 592.327 2.17557 
615 2331.21 1138.12 3.84567 588.927 2.17538 
616 2338.76 1149.24 3.86574 585.523 2.17522 
617 2346.55 1160.61 3.88596 582.115 2.17508 
618 2354.58 1172.22 3.90633 578.706 2.17497 
619 2362.85 1184.07 3.92684 575.295 2.17489 
620 2371.36 1196.15 3.9475 571.885 2.17483 
621 2380.09 1208.45 3.96829 568.475 2.1748 
622 2389.05 1220.98 3.98921 565.067 2.1748 
623 2398.23 1233.72 4.01027 561.662 2.17482 
624 2407.63 1246.67 4.03144 558.261 2.17486 
625 2417.24 1259.83 4.05274 554.865 2.17493 
626 2427.06 1273.18 4.07415 551.475 2.17503 
627 2437.08 1286.73 4.09566 548.092 2.17515 
628 2447.3 1300.46 4.11728 544.717 2.17529 
629 2457.72 1314.37 4.139 541.351 2.17546 
630 2468.32 1328.45 4.16082 537.996 2.17564 
631 2479.1 1342.7 4.18272 534.651 2.17585 
632 2490.07 1357.11 4.20471 531.32 2.17608 
633 2501.2 1371.68 4.22677 528.001 2.17634 
634 2512.51 1386.39 4.24891 524.698 2.17661 
635 2523.98 1401.25 4.27112 521.41 2.1769 
636 2535.6 1416.23 4.29339 518.14 2.17722 
637 2547.38 1431.35 4.31571 514.887 2.17755 
638 2559.3 1446.58 4.33809 511.654 2.1779 
639 2571.37 1461.93 4.36052 508.441 2.17827 
640 2583.56 1477.39 4.38298 505.251 2.17866 
641 2595.89 1492.94 4.40548 502.083 2.17907 
642 2608.34 1508.59 4.42801 498.939 2.17949 
643 2620.91 1524.32 4.45056 495.821 2.17993 
644 2633.59 1540.12 4.47313 492.729 2.18038 
645 2646.38 1555.99 4.49571 489.665 2.18085 
646 2659.26 1571.93 4.51829 486.631 2.18133 
647 2672.24 1587.92 4.54088 483.627 2.18183 
648 2685.3 1603.95 4.56345 480.655 2.18234 
649 2698.44 1620.02 4.58601 477.715 2.18286 
650 2711.66 1636.12 4.60856 474.811 2.18339 
651 2724.94 1652.24 4.63107 471.941 2.18394 
652 2738.29 1668.38 4.65355 469.108 2.1845 
653 2751.69 1684.52 4.676 466.311 2.18506 
654 2765.14 1700.67 4.69841 463.55 2.18564 
655 2778.63 1716.82 4.72077 460.825 2.18623 
656 2792.17 1732.96 4.74308 458.137 2.18682 
657 2805.73 1749.09 4.76534 455.486 2.18742 
658 2819.33 1765.19 4.78754 452.873 2.18803 
659 2832.94 1781.28 4.80967 450.296 2.18865 
660 2846.57 1797.33 4.83173 447.757 2.18927 
661 2860.21 1813.34 4.85372 445.255 2.18989 
662 2873.86 1829.31 4.87564 442.791 2.19053 
663 2887.5 1845.23 4.89746 440.365 2.19116 
664 2901.13 1861.09 4.9192 437.977 2.1918 
665 2914.75 1876.89 4.94084 435.628 2.19244 
666 2928.34 1892.63 4.96238 433.317 2.19309 
667 2941.91 1908.28 4.98382 431.044 2.19373 
668 2955.44 1923.85 5.00515 428.811 2.19437 
669 2968.93 1939.34 5.02636 426.616 2.19502 
670 2982.37 1954.73 5.04745 424.46 2.19566 
671 2995.75 1970.01 5.06841 422.344 2.1963 
672 3009.08 1985.19 5.08924 420.267 2.19694 
673 3022.33 2000.25 5.10994 418.229 2.19758 
674 3035.51 2015.19 5.13049 416.232 2.19821 
675 3048.61 2030 5.15089 414.274 2.19884 
676 3061.61 2044.67 5.17113 412.356 2.19946 
677 3074.52 2059.19 5.19122 410.478 2.20007 
678 3087.33 2073.56 5.21114 408.64 2.20068 
679 3100.02 2087.78 5.23088 406.843 2.20128 
680 3112.59 2101.82 5.25045 405.087 2.20187 
681 3125.04 2115.69 5.26983 403.371 2.20245 
682 3137.35 2129.38 5.28903 401.696 2.20302 
683 3149.52 2142.88 5.30802 400.062 2.20358 
684 3161.54 2156.18 5.32682 398.469 2.20413 
685 3173.4 2169.28 5.3454 396.917 2.20466 
686 3185.09 2182.16 5.36377 395.407 2.20518 
687 3196.61 2194.83 5.38192 393.938 2.20568 
688 3207.95 2207.26 5.39984 392.51 2.20617 
689 3219.1 2219.45 5.41753 391.125 2.20664 
690 3230.05 2231.41 5.43497 389.781 2.20709 
691 3240.8 2243.1 5.45217 388.478 2.20752 
692 3251.33 2254.54 5.46912 387.218 2.20794 
693 3261.63 2265.7 5.4858 386 2.20833 
694 3271.71 2276.59 5.50222 384.824 2.2087 
695 3281.54 2287.18 5.51836 383.691 2.20905 
696 3291.13 2297.49 5.53422 382.6 2.20937 
697 3300.45 2307.48 5.54979 381.551 2.20967 
698 3309.51 2317.17 5.56507 380.545 2.20994 
699 3318.29 2326.53 5.58005 379.582 2.21019 
700 3326.79 2335.56 5.59472 378.661 2.21041 
701 3334.99 2344.25 5.60907 377.783 2.2106 
702 3342.9 2352.6 5.6231 376.948 2.21076 
703 3350.52 2360.6 5.63682 376.154 2.21089 
704 3357.83 2368.27 5.65021 375.402 2.21099 
705 3364.85 2375.59 5.66328 374.691 2.21106 
706 3371.56 2382.57 5.67602 374.02 2.2111 
707 3377.97 2389.21 5.68843 373.389 2.21112 
708 3384.08 2395.5 5.70051 372.798 2.2111 
709 3389.89 2401.45 5.71226 372.246 2.21105 
710 3395.39 2407.05 5.72367 371.732 2.21097 
711 3400.58 2412.31 5.73475 371.255 2.21086 
712 3405.47 2417.22 5.74548 370.817 2.21072 
713 3410.04 2421.78 5.75588 370.414 2.21055 
714 3414.31 2426 5.76593 370.048 2.21034 
715 3418.27 2429.87 5.77563 369.718 2.21011 
716 3421.91 2433.39 5.78498 369.423 2.20984 
717 3425.24 2436.57 5.79399 369.162 2.20955 
718 3428.25 2439.4 5.80264 368.934 2.20922 
719 3430.95 2441.88 5.81094 368.74 2.20886 
720 3433.33 2444.01 5.81888 368.579 2.20846 
721 3435.4 2445.79 5.82646 368.45 2.20804 
722 3437.14 2447.22 5.83368 368.351 2.20758 
723 3438.56 2448.31 5.84053 368.284 2.20709 
724 3439.66 2449.04 5.84702 368.246 2.20656 
725 3440.44 2449.43 5.85315 368.238 2.20601 
726 3440.9 2449.46 5.8589 368.258 2.20542 
727 3441.03 2449.15 5.86428 368.307 2.20479 
728 3440.83 2448.49 5.86929 368.382 2.20414 
729 3440.31 2447.47 5.87392 368.484 2.20345 
730 3439.46 2446.11 5.87817 368.612 2.20272 
731 3438.28 2444.4 5.88204 368.765 2.20197 
732 3436.78 2442.34 5.88553 368.942 2.20117 
733 3434.94 2439.93 5.88863 369.143 2.20035 
734 3432.76 2437.16 5.89135 369.366 2.19948 
735 3430.26 2434.05 5.89367 369.612 2.19859 
736 3427.42 2430.59 5.89561 369.879 2.19766 
737 3424.25 2426.79 5.89715 370.167 2.19669 
738 3420.74 2422.63 5.8983 370.474 2.19569 
739 3416.89 2418.12 5.89904 370.8 2.19465 
740 3412.71 2413.26 5.89939 371.144 2.19358 
741 3408.18 2408.06 5.89934 371.505 2.19247 
742 3403.32 2402.51 5.89888 371.883 2.19133 
743 3398.12 2396.61 5.89801 372.276 2.19015 
744 3392.57 2390.36 5.89674 372.684 2.18893 
745 3386.69 2383.76 5.89505 373.105 2.18767 
746 3380.46 2376.82 5.89295 373.54 2.18638 
747 3373.88 2369.53 5.89044 373.987 2.18506 
748 3366.96 2361.89 5.88751 374.444 2.18369 
749 3359.7 2353.91 5.88416 374.912 2.18229 
750 3352.08 2345.59 5.88039 375.39 2.18085 
751 3344.12 2336.91 5.87619 375.875 2.17937 
752 3335.82 2327.9 5.87158 376.369 2.17786 
753 3327.18 2318.56 5.86654 376.87 2.17631 
754 3318.21 2308.88 5.86109 377.378 2.17472 
755 3308.9 2298.88 5.85522 377.892 2.17309 
756 3299.27 2288.56 5.84893 378.412 2.17144 
757 3289.32 2277.92 5.84223 378.938 2.16974 
758 3279.06 2266.98 5.83513 379.469 2.16801 
759 3268.48 2255.73 5.82762 380.004 2.16625 
760 3257.6 2244.19 5.8197 380.543 2.16445 
761 3246.41 2232.35 5.81137 381.085 2.16262 
762 3234.93 2220.22 5.80265 381.631 2.16076 
763 3223.16 2207.81 5.79353 382.178 2.15887 
764 3211.11 2195.13 5.78401 382.728 2.15694 
765 3198.77 2182.18 5.7741 383.278 2.15498 
766 3186.16 2168.97 5.7638 383.83 2.153 
767 3173.28 2155.49 5.7531 384.381 2.15098 
768 3160.13 2141.77 5.74203 384.933 2.14893 
769 3146.73 2127.8 5.73057 385.483 2.14686 
770 3133.07 2113.59 5.71872 386.032 2.14475 
771 3119.17 2099.15 5.7065 386.578 2.14262 
772 3105.02 2084.48 5.69391 387.122 2.14046 
773 3090.64 2069.59 5.68094 387.662 2.13828 
774 3076.03 2054.49 5.6676 388.199 2.13606 
775 3061.19 2039.18 5.65389 388.731 2.13383 
776 3046.14 2023.67 5.63982 389.258 2.13156 
777 3030.87 2007.97 5.62539 389.779 2.12928 
778 3015.4 1992.08 5.61061 390.294 2.12697 
779 2999.73 1976.01 5.59546 390.802 2.12463 
780 2983.86 1959.77 5.57997 391.302 2.12228 
781 2967.81 1943.37 5.56413 391.794 2.1199 
782 2951.58 1926.8 5.54794 392.278 2.1175 
783 2935.17 1910.09 5.53141 392.751 2.11508 
784 2918.6 1893.23 5.51454 393.215 2.11264 
785 2901.86 1876.23 5.49733 393.667 2.11018 
786 2884.97 1859.11 5.4798 394.108 2.1077 
787 2867.94 1841.86 5.46193 394.537 2.1052 
788 2850.76 1824.51 5.44374 394.953 2.10269 
789 2833.45 1807.04 5.42523 395.355 2.10016 
790 2816.01 1789.48 5.4064 395.743 2.09761 
791 2798.46 1771.82 5.38726 396.116 2.09505 
792 2780.79 1754.09 5.36781 396.474 2.09247 
793 2763.01 1736.28 5.34805 396.815 2.08988 
794 2745.14 1718.41 5.32799 397.138 2.08728 
795 2727.18 1700.47 5.30763 397.444 2.08466 
796 2709.14 1682.49 5.28697 397.732 2.08203 
797 2691.02 1664.47 5.26603 398 2.07939 
798 2672.83 1646.41 5.24479 398.248 2.07674 
799 2654.59 1628.33 5.22328 398.475 2.07408 
800 2636.29 1610.23 5.20148 398.681 2.07141 
801 2617.95 1592.13 5.17942 398.864 2.06874 
802 2599.57 1574.03 5.15708 399.025 2.06605 
803 2581.15 1555.92 5.13447 399.164 2.06336 
804 2562.7 1537.83 5.1116 399.28 2.06066 
805 2544.23 1519.75 5.08848 399.375 2.05796 
806 2525.74 1501.68 5.0651 399.447 2.05525 
807 2507.24 1483.64 5.04147 399.497 2.05253 
808 2488.73 1465.62 5.01759 399.525 2.04981 
809 2470.21 1447.64 4.99348 399.531 2.04709 
810 2451.7 1429.69 4.96912 399.515 2.04436 
811 2433.19 1411.78 4.94454 399.478 2.04163 
812 2414.69 1393.93 4.91973 399.418 2.03889 
813 2396.22 1376.12 4.89469 399.337 2.03616 
814 2377.76 1358.37 4.86944 399.233 2.03342 
815 2359.33 1340.69 4.84397 399.109 2.03068 
816 2340.94 1323.07 4.81829 398.962 2.02794 
817 2322.59 1305.52 4.79241 398.794 2.02521 
818 2304.28 1288.06 4.76633 398.605 2.02247 
819 2286.02 1270.68 4.74005 398.394 2.01973 
820 2267.82 1253.39 4.71358 398.162 2.01699 
821 2249.68 1236.19 4.68693 397.909 2.01426 
822 2231.61 1219.1 4.6601 397.634 2.01153 
823 2213.62 1202.11 4.6331 397.338 2.0088 
824 2195.7 1185.23 4.60592 397.021 2.00608 
825 2177.87 1168.48 4.57858 396.683 2.00336 
826 2160.13 1151.84 4.55109 396.325 2.00065 
827 2142.5 1135.34 4.52343 395.945 1.99794 
828 2124.96 1118.97 4.49563 395.545 1.99524 
829 2107.54 1102.74 4.46769 395.124 1.99255 
830 2090.23 1086.66 4.4396 394.682 1.98986 
831 2073.05 1070.73 4.41139 394.22 1.98718 
832 2055.99 1054.96 4.38305 393.738 1.98451 
833 2039.07 1039.36 4.35459 393.235 1.98185 
834 2022.29 1023.93 4.32601 392.712 1.9792 
835 2005.67 1008.67 4.29732 392.169 1.97657 
836 1989.19 993.601 4.26853 391.606 1.97394 
837 1972.88 978.72 4.23964 391.023 1.97132 
838 1956.74 964.036 4.21066 390.42 1.96872 
839 1940.77 949.554 4.18159 389.797 1.96613 
840 1924.99 935.282 4.15245 389.155 1.96355 
841 1909.39 921.226 4.12322 388.493 1.96099 
842 1893.99 907.391 4.09393 387.812 1.95844 
843 1878.8 893.786 4.06458 387.111 1.95591 
844 1863.81 880.415 4.03517 386.391 1.9534 
845 1849.04 867.287 4.00572 385.652 1.9509 
846 1834.49 854.408 3.97622 384.894 1.94842 
847 1820.17 841.784 3.94668 384.118 1.94596 
848 1806.09 829.422 3.91711 383.322 1.94352 
849 1792.26 817.329 3.88752 382.508 1.9411 
850 1778.68 805.513 3.85791 381.675 1.9387 
851 1765.36 793.978 3.82829 380.824 1.93632 
852 1752.29 782.726 3.79867 379.955 1.93396 
853 1739.49 771.756 3.76903 379.068 1.93162 
854 1726.95 761.067 3.7394 378.165 1.92931 
855 1714.67 750.66 3.70977 377.244 1.92701 
856 1702.65 740.534 3.68015 376.307 1.92474 
857 1690.89 730.687 3.65053 375.354 1.92249 
858 1679.39 721.12 3.62092 374.386 1.92026 
859 1668.15 711.832 3.59133 373.402 1.91805 
860 1657.17 702.822 3.56176 372.404 1.91586 
861 1646.45 694.09 3.53221 371.392 1.91369 
862 1636 685.635 3.50268 370.365 1.91155 
863 1625.8 677.457 3.47318 369.326 1.90942 
864 1615.87 669.554 3.44372 368.274 1.90732 
865 1606.19 661.926 3.41428 367.209 1.90524 
866 1596.78 654.572 3.38489 366.132 1.90318 
867 1587.63 647.492 3.35554 365.044 1.90114 
868 1578.74 640.685 3.32623 363.945 1.89912 
869 1570.11 634.15 3.29697 362.835 1.89713 
870 1561.74 627.886 3.26777 361.715 1.89515 
871 1553.63 621.892 3.23862 360.586 1.8932 
872 1545.78 616.168 3.20953 359.448 1.89126 
873 1538.19 610.713 3.1805 358.301 1.88935 
874 1530.86 605.525 3.15154 357.146 1.88746 
875 1523.79 600.604 3.12265 355.983 1.88559 
876 1516.98 595.949 3.09383 354.813 1.88374 
877 1510.43 591.558 3.06509 353.637 1.88192 
878 1504.14 587.432 3.03643 352.455 1.88011 
879 1498.11 583.568 3.00786 351.267 1.87832 
880 1492.34 579.967 2.97938 350.074 1.87656 
881 1486.82 576.626 2.95098 348.877 1.87481 
882 1481.57 573.545 2.92269 347.676 1.87309 
883 1476.57 570.722 2.8945 346.471 1.87139 
884 1471.83 568.157 2.86641 345.264 1.8697 
885 1467.34 565.849 2.83842 344.054 1.86804 
886 1463.12 563.795 2.81055 342.843 1.8664 
887 1459.15 561.996 2.7828 341.63 1.86478 
888 1455.44 560.449 2.75517 340.417 1.86318 
889 1451.98 559.154 2.72766 339.204 1.8616 
890 1448.78 558.109 2.70028 337.992 1.86004 
891 1445.83 557.314 2.67303 336.78 1.8585 
892 1443.14 556.766 2.64592 335.571 1.85698 
893 1440.7 556.464 2.61894 334.364 1.85549 
894 1438.52 556.407 2.59212 333.159 1.85401 
895 1436.59 556.594 2.56544 331.958 1.85255 
896 1434.91 557.024 2.53891 330.762 1.85111 
897 1433.48 557.694 2.51254 329.57 1.84969 
898 1432.31 558.604 2.48634 328.383 1.84829 
899 1431.38 559.751 2.4603 327.202 1.84691 
900 1430.71 561.135 2.43442 326.028 1.84555 
901 1430.29 562.754 2.40873 324.861 1.84421 
902 1430.11 564.603 2.3832 323.702 1.84289 
903 1430.18 566.679 2.35786 322.55 1.84158 
904 1430.48 568.977 2.33269 321.407 1.8403 
905 1431.02 571.493 2.30769 320.271 1.83903 
906 1431.79 574.222 2.28288 319.144 1.83778 
907 1432.78 577.161 2.25824 318.026 1.83655 
908 1433.99 580.304 2.23379 316.916 1.83533 
909 1435.43 583.647 2.20951 315.816 1.83414 
910 1437.07 587.186 2.18541 314.725 1.83295 
911 1438.93 590.916 2.1615 313.643 1.83179 
912 1440.99 594.832 2.13776 312.572 1.83063 
913 1443.24 598.929 2.11421 311.511 1.8295 
914 1445.7 603.204 2.09084 310.46 1.82838 
915 1448.34 607.65 2.06766 309.419 1.82727 
916 1451.18 612.263 2.04466 308.39 1.82617 
917 1454.19 617.039 2.02184 307.372 1.82509 
918 1457.38 621.972 1.99921 306.365 1.82402 
919 1460.74 627.057 1.97677 305.37 1.82297 
920 1464.27 632.289 1.95451 304.387 1.82192 
921 1467.97 637.663 1.93244 303.416 1.82089 
922 1471.82 643.174 1.91056 302.457 1.81987 
923 1475.82 648.816 1.88887 301.512 1.81885 
924 1479.98 654.585 1.86737 300.579 1.81785 
925 1484.27 660.476 1.84605 299.659 1.81686 
926 1488.71 666.481 1.82493 298.754 1.81588 
927 1493.27 672.598 1.804 297.861 1.8149 
928 1497.97 678.819 1.78326 296.983 1.81394 
929 1502.79 685.139 1.76271 296.12 1.81298 
930 1507.72 691.553 1.74235 295.271 1.81203 
931 1512.77 698.055 1.72219 294.437 1.81108 
932 1517.92 704.64 1.70222 293.618 1.81014 
933 1523.18 711.301 1.68245 292.815 1.80921 
934 1528.53 718.034 1.66287 292.027 1.80828 
935 1533.97 724.831 1.64348 291.256 1.80736 
936 1539.49 731.688 1.62429 290.5 1.80644 
937 1545.1 738.598 1.6053 289.762 1.80553 
938 1550.78 745.556 1.5865 289.04 1.80461 
939 1556.52 752.554 1.5679 288.336 1.8037 
940 1562.33 759.588 1.5495 287.649 1.8028 
941 1568.19 766.651 1.5313 286.98 1.80189 
942 1574.11 773.737 1.51329 286.329 1.80098 
943 1580.07 780.84 1.49549 285.696 1.80008 
944 1586.07 787.953 1.47788 285.083 1.79917 
945 1592.1 795.07 1.46048 284.488 1.79827 
946 1598.15 802.184 1.44327 283.912 1.79736 
947 1604.23 809.29 1.42626 283.356 1.79645 
948 1610.32 816.38 1.40946 282.82 1.79554 
949 1616.42 823.448 1.39286 282.305 1.79463 
950 1622.52 830.488 1.37646 281.81 1.79371 
951 1628.61 837.493 1.36026 281.335 1.79278 
952 1634.7 844.46 1.34427 280.882 1.79186 
953 1640.78 851.387 1.32847 280.448 1.79092 
954 1646.84 858.27 1.31288 280.035 1.78999 
955 1652.89 865.107 1.29748 279.643 1.78904 
956 1658.92 871.895 1.28229 279.27 1.7881 
957 1664.92 878.632 1.26728 278.917 1.78714 
958 1670.9 885.315 1.25248 278.583 1.78618 
959 1676.85 891.94 1.23787 278.269 1.78522 
960 1682.76 898.506 1.22345 277.974 1.78424 
961 1688.64 905.008 1.20923 277.698 1.78327 
962 1694.48 911.445 1.1952 277.44 1.78228 
963 1700.28 917.814 1.18136 277.201 1.78129 
964 1706.04 924.11 1.16771 276.981 1.78028 
965 1711.74 930.333 1.15424 276.778 1.77928 
966 1717.4 936.478 1.14097 276.594 1.77826 
967 1722.99 942.543 1.12788 276.427 1.77723 
968 1728.53 948.525 1.11497 276.277 1.7762 
969 1734.01 954.42 1.10225 276.145 1.77516 
970 1739.42 960.226 1.08971 276.03 1.77411 
971 1744.76 965.939 1.07735 275.931 1.77305 
972 1750.03 971.557 1.06518 275.849 1.77197 
973 1755.22 977.076 1.05318 275.783 1.77089 
974 1760.34 982.494 1.04135 275.733 1.7698 
975 1765.37 987.807 1.02971 275.699 1.7687 
976 1770.31 993.012 1.01824 275.681 1.76759 
977 1775.16 998.105 1.00694 275.678 1.76647 
978 1779.92 1003.08 0.995813 275.69 1.76533 
979 1784.59 1007.95 0.984858 275.717 1.76418 
980 1789.15 1012.69 0.974071 275.758 1.76303 
981 1793.6 1017.3 0.963453 275.814 1.76185 
982 1797.95 1021.79 0.953 275.883 1.76067 
983 1802.18 1026.15 0.942713 275.967 1.75947 
984 1806.3 1030.37 0.932588 276.064 1.75827 
985 1810.3 1034.46 0.922626 276.174 1.75704 
986 1814.17 1038.41 0.912823 276.297 1.7558 
987 1817.92 1042.21 0.90318 276.433 1.75455 
988 1821.53 1045.86 0.893693 276.582 1.75329 
989 1825.01 1049.36 0.884362 276.742 1.75201 
990 1828.34 1052.71 0.875185 276.915 1.75071 
991 1831.54 1055.9 0.86616 277.099 1.7494 
992 1834.59 1058.93 0.857286 277.294 1.74807 
993 1837.48 1061.79 0.84856 277.501 1.74673 
994 1840.22 1064.49 0.839982 277.718 1.74537 
995 1842.8 1067.01 0.83155 277.946 1.744 
996 1845.22 1069.36 0.823261 278.183 1.7426 
997 1847.46 1071.52 0.815114 278.431 1.74119 
998 1849.54 1073.51 0.807108 278.688 1.73976 
999 1851.44 1075.31 0.79924 278.954 1.73832 
1000 1853.16 1076.91 0.791509 279.229 1.73685 
1001 1854.69 1078.32 0.783913 279.513 1.73537 
1002 1856.04 1079.54 0.776451 279.805 1.73387 
1003 1857.21 1080.57 0.769122 280.106 1.73235 
1004 1858.19 1081.41 0.761924 280.413 1.73081 
1005 1859 1082.07 0.754858 280.728 1.72925 
1006 1859.62 1082.53 0.747921 281.05 1.72768 
1007 1860.07 1082.81 0.741113 281.378 1.72608 
1008 1860.34 1082.91 0.734432 281.713 1.72447 
1009 1860.44 1082.83 0.727878 282.053 1.72284 
1010 1860.36 1082.57 0.72145 282.399 1.7212 
1011 1860.11 1082.13 0.715145 282.749 1.71953 
1012 1859.68 1081.51 0.708964 283.105 1.71785 
1013 1859.09 1080.72 0.702905 283.465 1.71615 
1014 1858.32 1079.76 0.696967 283.829 1.71444 
1015 1857.39 1078.63 0.691149 284.196 1.71271 
1016 1856.29 1077.33 0.685449 284.567 1.71096 
1017 1855.03 1075.86 0.679867 284.94 1.7092 
1018 1853.6 1074.23 0.6744 285.316 1.70741 
1019 1852.01 1072.44 0.669049 285.694 1.70562 
1020 1850.25 1070.48 0.663811 286.073 1.70381 
1021 1848.34 1068.37 0.658686 286.454 1.70198 
1022 1846.27 1066.1 0.653671 286.835 1.70013 
1023 1844.04 1063.67 0.648767 287.217 1.69827 
1024 1841.66 1061.09 0.643971 287.599 1.6964 
1025 1839.12 1058.36 0.639282 287.981 1.69451 
1026 1836.43 1055.48 0.634699 288.362 1.6926 
1027 1833.58 1052.46 0.630221 288.741 1.69069 
1028 1830.59 1049.29 0.625846 289.119 1.68875 
1029 1827.45 1045.97 0.621572 289.495 1.6868 
1030 1824.16 1042.52 0.617399 289.868 1.68484 
1031 1820.73 1038.93 0.613325 290.239 1.68287 
1032 1817.16 1035.2 0.609349 290.606 1.68087 
1033 1813.44 1031.34 0.605469 290.969 1.67887 
1034 1809.58 1027.35 0.601683 291.328 1.67685 
1035 1805.59 1023.23 0.597991 291.682 1.67482 
1036 1801.45 1018.98 0.59439 292.031 1.67278 
1037 1797.18 1014.6 0.59088 292.375 1.67072 
1038 1792.78 1010.11 0.587459 292.712 1.66866 
1039 1788.25 1005.49 0.584125 293.043 1.66657 
1040 1783.58 1000.76 0.580876 293.367 1.66448 
1041 1778.79 995.908 0.577712 293.684 1.66237 
1042 1773.87 990.946 0.57463 293.993 1.66026 
1043 1768.83 985.873 0.571629 294.293 1.65813 
1044 1763.66 980.691 0.568708 294.585 1.65599 
1045 1758.37 975.405 0.565865 294.867 1.65383 
1046 1752.96 970.015 0.563097 295.139 1.65167 
1047 1747.44 964.524 0.560404 295.402 1.6495 
1048 1741.79 958.936 0.557784 295.653 1.64731 
1049 1736.04 953.251 0.555236 295.893 1.64512 
1050 1730.17 947.474 0.552756 296.122 1.64291 
1051 1724.19 941.607 0.550345 296.338 1.6407 
1052 1718.11 935.653 0.548001 296.542 1.63847 
1053 1711.92 929.614 0.545724 296.733 1.63624 
1054 1705.63 923.496 0.543514 296.912 1.63399 
1055 1699.24 917.301 0.54137 297.078 1.63174 
1056 1692.76 911.032 0.539291 297.232 1.62948 
1057 1686.19 904.693 0.537278 297.373 1.62721 
1058 1679.53 898.287 0.535329 297.5 1.62493 
1059 1672.79 891.819 0.533445 297.615 1.62265 
1060 1665.97 885.291 0.531624 297.717 1.62036 
1061 1659.07 878.706 0.529867 297.805 1.61806 
1062 1652.1 872.07 0.528173 297.88 1.61575 
1063 1645.06 865.385 0.526541 297.941 1.61344 
1064 1637.96 858.655 0.524971 297.989 1.61112 
1065 1630.79 851.883 0.523463 298.023 1.6088 
1066 1623.56 845.074 0.522015 298.043 1.60647 
1067 1616.28 838.23 0.520628 298.05 1.60414 
1068 1608.94 831.357 0.519301 298.042 1.6018 
1069 1601.56 824.457 0.518033 298.021 1.59946 
1070 1594.13 817.535 0.516824 297.985 1.59711 
1071 1586.67 810.593 0.515674 297.935 1.59476 
1072 1579.17 803.637 0.514581 297.87 1.5924 
1073 1571.63 796.67 0.513546 297.791 1.59005 
1074 1564.07 789.697 0.512567 297.697 1.58769 
1075 1556.48 782.72 0.511644 297.589 1.58532 
1076 1548.87 775.744 0.510778 297.466 1.58296 
1077 1541.24 768.772 0.509966 297.327 1.58059 
1078 1533.6 761.81 0.509209 297.174 1.57823 
1079 1525.95 754.862 0.508505 297.005 1.57586 
1080 1518.3 747.93 0.507856 296.821 1.57349 
1081 1510.65 741.02 0.507258 296.622 1.57112 
1082 1502.99 734.135 0.506713 296.407 1.56875 
1083 1495.35 727.28 0.50622 296.177 1.56638 
1084 1487.72 720.459 0.505778 295.931 1.56401 
1085 1480.1 713.677 0.505385 295.669 1.56165 
1086 1472.5 706.937 0.505043 295.391 1.55928 
1087 1464.93 700.243 0.50475 295.097 1.55692 
1088 1457.39 693.601 0.504505 294.786 1.55456 
1089 1449.88 687.015 0.504308 294.46 1.5522 
1090 1442.4 680.489 0.504159 294.117 1.54985 
1091 1434.97 674.027 0.504055 293.757 1.5475 
1092 1427.58 667.634 0.503998 293.381 1.54515 
1093 1420.24 661.314 0.503986 292.988 1.54281 
1094 1412.96 655.072 0.504019 292.578 1.54047 
1095 1405.73 648.913 0.504095 292.151 1.53814 
1096 1398.57 642.841 0.504215 291.707 1.53581 
1097 1391.48 636.861 0.504377 291.246 1.53349 
1098 1384.46 630.977 0.504581 290.767 1.53117 
1099 1377.52 625.194 0.504827 290.271 1.52886 
1100 1370.66 619.517 0.505112 289.758 1.52656 
1101 1363.88 613.95 0.505438 289.226 1.52427 
1102 1357.2 608.495 0.505803 288.678 1.52198 
1103 1350.6 603.152 0.506207 288.111 1.5197 
1104 1344.09 597.922 0.506651 287.528 1.51743 
1105 1337.68 592.806 0.507133 286.928 1.51517 
1106 1331.35 587.806 0.507654 286.312 1.51291 
1107 1325.13 582.922 0.508214 285.679 1.51066 
1108 1319 578.155 0.508812 285.03 1.50843 
1109 1312.96 573.506 0.509449 284.365 1.50619 
1110 1307.02 568.976 0.510123 283.684 1.50397 
1111 1301.19 564.566 0.510835 282.988 1.50176 
1112 1295.45 560.278 0.511585 282.277 1.49955 
1113 1289.82 556.111 0.512372 281.551 1.49736 
1114 1284.29 552.067 0.513196 280.81 1.49517 
1115 1278.87 548.147 0.514056 280.054 1.49299 
1116 1273.55 544.352 0.514954 279.285 1.49082 
1117 1268.34 540.683 0.515888 278.501 1.48866 
1118 1263.24 537.141 0.516858 277.704 1.48651 
1119 1258.25 533.726 0.517864 276.893 1.48437 
1120 1253.37 530.44 0.518906 276.069 1.48223 
1121 1248.61 527.284 0.519983 275.233 1.48011 
1122 1243.96 524.259 0.521095 274.383 1.478 
1123 1239.43 521.366 0.522243 273.521 1.47589 
1124 1235.01 518.606 0.523425 272.647 1.4738 
1125 1230.72 515.979 0.524642 271.761 1.47172 
1126 1226.54 513.488 0.525893 270.864 1.46964 
1127 1222.49 511.132 0.527178 269.955 1.46758 
1128 1218.56 508.913 0.528497 269.035 1.46553 
1129 1214.76 506.831 0.529849 268.104 1.46348 
1130 1211.08 504.889 0.531235 267.163 1.46145 
1131 1207.53 503.087 0.532653 266.211 1.45943 
1132 1204.11 501.426 0.534105 265.25 1.45742 
1133 1200.83 499.906 0.535588 264.278 1.45542 
1134 1197.67 498.53 0.537104 263.298 1.45343 
1135 1194.65 497.298 0.538652 262.308 1.45145 
1136 1191.76 496.211 0.540231 261.31 1.44949 
1137 1189.01 495.269 0.541842 260.303 1.44753 
1138 1186.4 494.476 0.543483 259.288 1.44559 
1139 1183.93 493.83 0.545156 258.265 1.44365 
1140 1181.6 493.334 0.546859 257.234 1.44173 
1141 1179.42 492.988 0.548592 256.196 1.43982 
1142 1177.38 492.793 0.550355 255.152 1.43793 
1143 1175.48 492.751 0.552147 254.1 1.43604 
1144 1173.73 492.863 0.553969 253.042 1.43417 
1145 1172.14 493.129 0.55582 251.978 1.43231 
1146 1170.69 493.551 0.5577 250.908 1.43046 
1147 1169.39 494.129 0.559607 249.833 1.42862 
1148 1168.25 494.866 0.561543 248.752 1.4268 
1149 1167.27 495.761 0.563507 247.667 1.42499 
1150 1166.44 496.816 0.565498 246.578 1.42319 
1151 1165.77 498.032 0.567516 245.484 1.4214 
1152 1165.26 499.407 0.569561 244.386 1.41963 
1153 1164.9 500.938 0.571632 243.285 1.41787 
1154 1164.7 502.623 0.573729 242.18 1.41612 
1155 1164.65 504.46 0.575851 241.072 1.41438 
1156 1164.74 506.447 0.577998 239.962 1.41266 
1157 1164.99 508.58 0.58017 238.848 1.41095 
1158 1165.37 510.858 0.582365 237.733 1.40925 
1159 1165.91 513.278 0.584585 236.616 1.40756 
1160 1166.58 515.837 0.586827 235.497 1.40588 
1161 1167.39 518.534 0.589092 234.376 1.40421 
1162 1168.33 521.365 0.591379 233.254 1.40256 
1163 1169.41 524.328 0.593687 232.132 1.40091 
1164 1170.63 527.421 0.596017 231.009 1.39928 
1165 1171.97 530.641 0.598368 229.885 1.39766 
1166 1173.44 533.985 0.600738 228.762 1.39605 
1167 1175.04 537.451 0.603129 227.639 1.39444 
1168 1176.76 541.036 0.605539 226.516 1.39285 
1169 1178.6 544.737 0.607968 225.395 1.39127 
1170 1180.56 548.552 0.610414 224.274 1.3897 
1171 1182.63 552.479 0.612879 223.155 1.38813 
1172 1184.82 556.513 0.615361 222.038 1.38658 
1173 1187.13 560.653 0.61786 220.923 1.38503 
1174 1189.54 564.896 0.620375 219.81 1.3835 
1175 1192.06 569.239 0.622905 218.7 1.38197 
1176 1194.68 573.68 0.625451 217.593 1.38045 
1177 1197.4 578.214 0.628012 216.49 1.37894 
1178 1200.23 582.84 0.630586 215.39 1.37744 
1179 1203.15 587.555 0.633175 214.294 1.37595 
1180 1206.17 592.356 0.635776 213.202 1.37446 
1181 1209.28 597.24 0.63839 212.115 1.37298 
1182 1212.48 602.203 0.641016 211.032 1.37151 
1183 1215.77 607.244 0.643653 209.955 1.37004 
1184 1219.14 612.358 0.646301 208.884 1.36859 
1185 1222.59 617.544 0.64896 207.818 1.36714 
1186 1226.13 622.797 0.651628 206.759 1.36569 
1187 1229.74 628.116 0.654306 205.706 1.36425 
1188 1233.43 633.496 0.656992 204.66 1.36282 
1189 1237.18 638.935 0.659686 203.622 1.3614 
1190 1241.01 644.429 0.662388 202.59 1.35997 
1191 1244.9 649.977 0.665097 201.567 1.35856 
1192 1248.86 655.573 0.667812 200.552 1.35715 
1193 1252.88 661.216 0.670533 199.546 1.35575 
1194 1256.96 666.902 0.673258 198.548 1.35435 
1195 1261.09 672.627 0.675989 197.56 1.35295 
1196 1265.28 678.389 0.678723 196.582 1.35156 
1197 1269.51 684.185 0.681461 195.613 1.35017 
1198 1273.79 690.01 0.684202 194.655 1.34879 
1199 1278.12 695.862 0.686944 193.707 1.34741 
1200 1282.49 701.737 0.689689 192.771 1.34603 
1201 1286.9 707.632 0.692434 191.846 1.34466 
1202 1291.34 713.545 0.695179 190.932 1.34329 
1203 1295.82 719.472 0.697924 190.03 1.34192 
1204 1300.32 725.411 0.700668 189.139 1.34056 
1205 1304.86 731.36 0.703411 188.26 1.33919 
1206 1309.42 737.315 0.706152 187.392 1.33783 
1207 1314 743.274 0.708889 186.536 1.33648 
1208 1318.6 749.234 0.711624 185.692 1.33512 
1209 1323.22 755.192 0.714354 184.859 1.33376 
1210 1327.86 761.147 0.71708 184.038 1.33241 
1211 1332.5 767.094 0.7198 183.229 1.33106 
1212 1337.15 773.031 0.722514 182.431 1.32971 
1213 1341.81 778.955 0.725222 181.646 1.32836 
1214 1346.48 784.863 0.727923 180.872 1.32701 
1215 1351.14 790.753 0.730615 180.11 1.32566 
1216 1355.8 796.622 0.7333 179.36 1.32431 
1217 1360.45 802.466 0.735975 178.622 1.32297 
1218 1365.1 808.283 0.73864 177.897 1.32162 
1219 1369.73 814.07 0.741294 177.183 1.32027 
1220 1374.35 819.823 0.743938 176.481 1.31892 
1221 1378.95 825.541 0.746569 175.791 1.31757 
1222 1383.53 831.219 0.749188 175.113 1.31622 
1223 1388.09 836.856 0.751793 174.448 1.31487 
1224 1392.62 842.447 0.754385 173.794 1.31352 
1225 1397.12 847.99 0.756962 173.153 1.31216 
1226 1401.58 853.482 0.759524 172.524 1.31081 
1227 1406.01 858.919 0.762069 171.908 1.30945 
1228 1410.4 864.299 0.764598 171.304 1.30809 
1229 1414.75 869.618 0.767109 170.712 1.30673 
1230 1419.06 874.874 0.769603 170.132 1.30536 
1231 1423.31 880.062 0.772077 169.565 1.304 
1232 1427.52 885.181 0.774531 169.011 1.30262 
1233 1431.66 890.226 0.776966 168.468 1.30125 
1234 1435.75 895.195 0.779379 167.939 1.29987 
1235 1439.78 900.084 0.78177 167.422 1.29849 
1236 1443.75 904.89 0.784139 166.917 1.29711 
1237 1447.64 909.61 0.786485 166.425 1.29572 
1238 1451.47 914.241 0.788806 165.946 1.29433 
1239 1455.21 918.778 0.791103 165.479 1.29293 
1240 1458.88 923.219 0.793374 165.025 1.29153 
1241 1462.47 927.561 0.795619 164.584 1.29012 
1242 1465.98 931.8 0.797837 164.155 1.2887 
1243 1469.39 935.932 0.800027 163.74 1.28729 
1244 1472.72 939.955 0.802188 163.337 1.28586 
1245 1475.95 943.865 0.80432 162.947 1.28443 
1246 1479.07 947.658 0.806421 162.57 1.28299 
1247 1482.1 951.331 0.808492 162.205 1.28155 
1248 1485.02 954.88 0.810531 161.854 1.2801 
1249 1487.84 958.302 0.812537 161.516 1.27864 
1250 1490.53 961.594 0.81451 161.19 1.27718 
1251 1493.12 964.752 0.816449 160.878 1.27571 
1252 1495.58 967.776 0.818354 160.579 1.27423 
1253 1497.93 970.666 0.820223 160.292 1.27274 
1254 1500.16 973.422 0.822058 160.017 1.27125 
1255 1502.28 976.043 0.823857 159.755 1.26975 
1256 1504.27 978.53 0.82562 159.505 1.26824 
1257 1506.15 980.883 0.827347 159.267 1.26672 
1258 1507.91 983.101 0.829038 159.041 1.2652 
1259 1509.55 985.185 0.830692 158.826 1.26367 
1260 1511.07 987.135 0.832308 158.623 1.26213 
1261 1512.47 988.95 0.833888 158.431 1.26058 
1262 1513.75 990.631 0.835429 158.25 1.25903 
1263 1514.91 992.177 0.836933 158.079 1.25747 
1264 1515.95 993.589 0.838398 157.92 1.2559 
1265 1516.86 994.867 0.839824 157.77 1.25433 
1266 1517.66 996.01 0.841211 157.631 1.25275 
1267 1518.33 997.018 0.842558 157.502 1.25116 
1268 1518.89 997.892 0.843866 157.382 1.24956 
1269 1519.32 998.632 0.845133 157.273 1.24795 
1270 1519.63 999.238 0.84636 157.172 1.24634 
1271 1519.81 999.708 0.847547 157.081 1.24472 
1272 1519.87 1000.05 0.848692 156.999 1.2431 
1273 1519.81 1000.25 0.849795 156.925 1.24146 
1274 1519.63 1000.32 0.850856 156.86 1.23982 
1275 1519.32 1000.25 0.851875 156.804 1.23817 
1276 1518.88 1000.05 0.852852 156.755 1.23652 
1277 1518.32 999.713 0.853786 156.715 1.23486 
1278 1517.64 999.244 0.854676 156.682 1.23319 
1279 1516.83 998.641 0.855522 156.657 1.23151 
1280 1515.89 997.904 0.856325 156.639 1.22982 
1281 1514.83 997.033 0.857083 156.628 1.22813 
1282 1513.65 996.027 0.857796 156.624 1.22643 
1283 1512.33 994.888 0.858464 156.626 1.22473 
1284 1510.89 993.615 0.859087 156.635 1.22302 
1285 1509.32 992.207 0.859664 156.65 1.2213 
1286 1507.63 990.667 0.860195 156.67 1.21957 
1287 1505.8 988.992 0.860679 156.697 1.21783 
1288 1503.85 987.184 0.861116 156.729 1.21609 
1289 1501.77 985.242 0.861506 156.766 1.21434 
1290 1499.56 983.167 0.861848 156.808 1.21259 
1291 1497.22 980.958 0.862142 156.855 1.21083 
1292 1494.76 978.616 0.862387 156.906 1.20906 
1293 1492.16 976.141 0.862584 156.962 1.20728 
1294 1489.43 973.532 0.862731 157.021 1.2055 
1295 1486.58 970.791 0.862829 157.085 1.20371 
1296 1483.59 967.916 0.862877 157.152 1.20191 
1297 1480.47 964.909 0.862875 157.222 1.2001 
1298 1477.22 961.769 0.862822 157.295 1.19829 
1299 1473.84 958.496 0.862718 157.371 1.19647 
1300 1470.33 955.09 0.862562 157.45 1.19465 
1301 1466.69 951.553 0.862354 157.53 1.19282 
1302 1462.91 947.885 0.862095 157.613 1.19098 
1303 1459.01 944.089 0.861785 157.698 1.18913 
1304 1454.99 940.168 0.861423 157.785 1.18728 
1305 1450.84 936.124 0.86101 157.873 1.18542 
1306 1446.56 931.958 0.860546 157.963 1.18356 
1307 1442.17 927.674 0.860032 158.054 1.18169 
1308 1437.66 923.273 0.859467 158.147 1.17981 
1309 1433.04 918.759 0.858852 158.24 1.17793 
1310 1428.3 914.133 0.858187 158.334 1.17604 
1311 1423.46 909.398 0.857472 158.429 1.17415 
1312 1418.5 904.556 0.856708 158.524 1.17225 
1313 1413.44 899.61 0.855895 158.62 1.17035 
1314 1408.27 894.562 0.855032 158.715 1.16844 
1315 1403 889.415 0.854121 158.811 1.16653 
1316 1397.64 884.171 0.85316 158.906 1.16461 
1317 1392.17 878.832 0.852152 159.002 1.16269 
1318 1386.61 873.402 0.851095 159.096 1.16076 
1319 1380.96 867.882 0.849991 159.19 1.15883 
1320 1375.22 862.276 0.848839 159.283 1.1569 
1321 1369.39 856.586 0.847639 159.375 1.15496 
1322 1363.47 850.814 0.846392 159.465 1.15302 
1323 1357.47 844.963 0.845099 159.554 1.15108 
1324 1351.39 839.036 0.843758 159.642 1.14913 
1325 1345.23 833.035 0.842372 159.727 1.14719 
1326 1339 826.963 0.840939 159.811 1.14523 
1327 1332.69 820.823 0.83946 159.892 1.14328 
1328 1326.31 814.618 0.837936 159.972 1.14132 
1329 1319.86 808.349 0.836366 160.048 1.13936 
1330 1313.35 802.02 0.834751 160.122 1.1374 
1331 1306.77 795.634 0.833091 160.193 1.13544 
1332 1300.13 789.193 0.831387 160.261 1.13348 
1333 1293.44 782.701 0.829639 160.325 1.13151 
1334 1286.69 776.159 0.827846 160.386 1.12954 
1335 1279.88 769.571 0.82601 160.443 1.12758 
1336 1273.02 762.94 0.82413 160.497 1.12561 
1337 1266.12 756.268 0.822208 160.546 1.12364 
1338 1259.17 749.558 0.820242 160.591 1.12167 
1339 1252.17 742.813 0.818234 160.632 1.1197 
1340 1245.14 736.037 0.816183 160.668 1.11773 
1341 1238.07 729.232 0.814091 160.699 1.11576 
1342 1230.96 722.4 0.811957 160.725 1.11379 
1343 1223.82 715.546 0.809781 160.745 1.11182 
1344 1216.66 708.672 0.807564 160.76 1.10985 
1345 1209.46 701.78 0.805307 160.77 1.10789 
1346 1202.24 694.875 0.803009 160.773 1.10592 
1347 1195 687.958 0.800671 160.771 1.10396 
1348 1187.75 681.033 0.798293 160.762 1.10199 
1349 1180.47 674.104 0.795875 160.747 1.10003 
1350 1173.18 667.172 0.793418 160.725 1.09807 
1351 1165.89 660.242 0.790923 160.696 1.09612 
1352 1158.58 653.315 0.788389 160.66 1.09416 
1353 1151.27 646.393 0.785817 160.617 1.09221 
1354 1143.96 639.478 0.783207 160.568 1.09026 
1355 1136.64 632.571 0.780561 160.511 1.08831 
1356 1129.32 625.676 0.777879 160.448 1.08637 
1357 1122.01 618.792 0.775161 160.378 1.08443 
1358 1114.69 611.924 0.772408 160.301 1.08249 
1359 1107.39 605.072 0.76962 160.217 1.08055 
1360 1100.09 598.239 0.766798 160.127 1.07862 
1361 1092.8 591.426 0.763942 160.03 1.07669 
1362 1085.53 584.635 0.761054 159.926 1.07476 
1363 1078.26 577.869 0.758133 159.816 1.07284 
1364 1071.02 571.129 0.75518 159.699 1.07092 
1365 1063.79 564.418 0.752196 159.575 1.06901 
1366 1056.58 557.737 0.749181 159.445 1.0671 
1367 1049.4 551.089 0.746136 159.308 1.06519 
1368 1042.24 544.475 0.743062 159.165 1.06329 
1369 1035.11 537.897 0.739958 159.015 1.06139 
1370 1028 531.359 0.736827 158.859 1.0595 
1371 1020.93 524.861 0.733667 158.697 1.05761 
1372 1013.89 518.405 0.73048 158.527 1.05573 
1373 1006.88 511.995 0.727267 158.352 1.05385 
1374 999.916 505.632 0.724027 158.17 1.05197 
1375 992.988 499.317 0.720763 157.982 1.0501 
1376 986.103 493.055 0.717473 157.788 1.04824 
1377 979.262 486.845 0.71416 157.587 1.04638 
1378 972.467 480.691 0.710822 157.38 1.04453 
1379 965.722 474.595 0.707462 157.167 1.04268 
1380 959.027 468.558 0.70408 156.947 1.04084 
1381 952.386 462.584 0.700676 156.722 1.039 
1382 945.8 456.674 0.697251 156.49 1.03717 
1383 939.272 450.83 0.693805 156.252 1.03535 
1384 932.805 445.055 0.69034 156.008 1.03353 
1385 926.4 439.352 0.686856 155.758 1.03172 
1386 920.06 433.721 0.683353 155.502 1.02991 
1387 913.787 428.166 0.679833 155.241 1.02812 
1388 907.584 422.688 0.676295 154.973 1.02632 
1389 901.453 417.29 0.672741 154.699 1.02454 
1390 895.396 411.975 0.669171 154.419 1.02276 
1391 889.416 406.744 0.665586 154.134 1.02099 
1392 883.515 401.601 0.661987 153.843 1.01923 
1393 877.696 396.546 0.658374 153.546 1.01747 
1394 871.961 391.583 0.654748 153.243 1.01572 
1395 866.313 386.714 0.651109 152.934 1.01398 
1396 860.754 381.941 0.647459 152.62 1.01225 
1397 855.286 377.267 0.643797 152.3 1.01053 
1398 849.912 372.693 0.640126 151.975 1.00881 
1399 844.634 368.223 0.636445 151.644 1.0071 
1400 839.455 363.859 0.632754 151.307 1.0054 
1401 834.378 359.603 0.629056 150.965 1.00371 
1402 829.402 355.455 0.62535 150.618 1.00203 
1403 824.527 351.414 0.621637 150.265 1.00035 
1404 819.753 347.48 0.617916 149.908 0.998687 
1405 815.08 343.654 0.61419 149.545 0.99703 
1406 810.508 339.933 0.610457 149.178 0.995381 
1407 806.036 336.319 0.606719 148.805 0.99374 
1408 801.665 332.81 0.602976 148.429 0.992107 
1409 797.394 329.407 0.599228 148.048 0.990483 
1410 793.223 326.109 0.595477 147.662 0.988867 
1411 789.152 322.915 0.591722 147.273 0.987259 
1412 785.181 319.826 0.587963 146.879 0.985659 
1413 781.31 316.84 0.584202 146.482 0.984068 
1414 777.538 313.958 0.580439 146.081 0.982484 
1415 773.865 311.179 0.576674 145.677 0.980908 
1416 770.291 308.502 0.572908 145.269 0.979341 
1417 766.817 305.928 0.569141 144.858 0.977781 
1418 763.441 303.455 0.565374 144.444 0.976229 
1419 760.163 301.084 0.561607 144.027 0.974685 
1420 756.984 298.814 0.557841 143.607 0.973149 
1421 753.903 296.644 0.554076 143.184 0.97162 
1422 750.919 294.574 0.550312 142.759 0.9701 
1423 748.034 292.604 0.546551 142.332 0.968586 
1424 745.246 290.733 0.542793 141.903 0.967081 
1425 742.555 288.961 0.539038 141.471 0.965583 
1426 739.962 287.288 0.535287 141.038 0.964092 
1427 737.465 285.712 0.53154 140.603 0.962609 
1428 735.065 284.233 0.527798 140.166 0.961134 
1429 732.761 282.852 0.524061 139.729 0.959665 
1430 730.554 281.567 0.52033 139.289 0.958204 
1431 728.443 280.378 0.516605 138.849 0.956751 
1432 726.427 279.285 0.512887 138.408 0.955304 
1433 724.507 278.287 0.509177 137.966 0.953865 
1434 722.682 277.383 0.505474 137.524 0.952433 
1435 720.952 276.574 0.50178 137.081 0.951008 
1436 719.317 275.858 0.498095 136.638 0.94959 
1437 717.777 275.235 0.494419 136.195 0.948179 
1438 716.331 274.705 0.490753 135.752 0.946775 
1439 714.979 274.267 0.487098 135.31 0.945377 
1440 713.721 273.92 0.483455 134.867 0.943987 
1441 712.556 273.665 0.479822 134.426 0.942603 
1442 711.485 273.5 0.476203 133.985 0.941226 
1443 710.506 273.426 0.472596 133.545 0.939855 
1444 709.621 273.441 0.469002 133.106 0.938492 
1445 708.828 273.545 0.465422 132.668 0.937134 
1446 708.127 273.737 0.461857 132.232 0.935783 
1447 707.518 274.017 0.458307 131.798 0.934439 
1448 707.001 274.385 0.454772 131.365 0.933101 
1449 706.575 274.84 0.451254 130.935 0.931769 
1450 706.24 275.38 0.447752 130.506 0.930443 
1451 705.996 276.007 0.444268 130.08 0.929124 
1452 705.841 276.717 0.440801 129.657 0.927811 
1453 705.773 277.51 0.437352 129.236 0.926503 
1454 705.791 278.383 0.43392 128.817 0.925202 
1455 705.893 279.335 0.430507 128.401 0.923906 
1456 706.078 280.363 0.427111 127.988 0.922616 
1457 706.343 281.467 0.423734 127.578 0.921331 
1458 706.687 282.644 0.420376 127.17 0.920052 
1459 707.108 283.893 0.417035 126.766 0.918778 
1460 707.604 285.211 0.413714 126.364 0.917509 
1461 708.175 286.597 0.410411 125.966 0.916245 
1462 708.817 288.049 0.407128 125.57 0.914986 
1463 709.529 289.565 0.403863 125.179 0.913732 
1464 710.309 291.144 0.400618 124.79 0.912482 
1465 711.156 292.782 0.397392 124.405 0.911237 
1466 712.067 294.479 0.394186 124.023 0.909996 
1467 713.041 296.233 0.391 123.645 0.90876 
1468 714.076 298.041 0.387833 123.271 0.907528 
1469 715.17 299.902 0.384687 122.9 0.9063 
1470 716.321 301.814 0.381561 122.533 0.905076 
1471 717.528 303.774 0.378455 122.17 0.903855 
1472 718.788 305.781 0.37537 121.811 0.902638 
1473 720.1 307.833 0.372305 121.456 0.901425 
1474 721.461 309.928 0.369261 121.105 0.900215 
1475 722.87 312.064 0.366239 120.759 0.899009 
1476 724.324 314.239 0.363237 120.416 0.897805 
1477 725.823 316.45 0.360257 120.079 0.896605 
1478 727.363 318.696 0.357298 119.745 0.895408 
1479 728.944 320.975 0.354361 119.416 0.894213 
1480 730.562 323.285 0.351446 119.092 0.893021 
1481 732.216 325.623 0.348553 118.773 0.891831 
1482 733.904 327.988 0.345682 118.458 0.890643 
1483 735.624 330.377 0.342833 118.148 0.889458 
1484 737.374 332.788 0.340006 117.843 0.888275 
1485 739.152 335.22 0.337203 117.543 0.887094 
1486 740.955 337.669 0.334421 117.249 0.885914 
1487 742.782 340.135 0.331663 116.959 0.884736 
1488 744.631 342.614 0.328928 116.675 0.88356 
1489 746.5 345.105 0.326217 116.397 0.882385 
1490 748.386 347.606 0.323528 116.124 0.881211 
1491 750.288 350.113 0.320863 115.856 0.880039 
1492 752.202 352.626 0.318222 115.594 0.878867 
1493 754.128 355.142 0.315605 115.338 0.877696 
1494 756.063 357.658 0.313012 115.087 0.876526 
1495 758.005 360.173 0.310443 114.843 0.875356 
1496 759.951 362.683 0.307899 114.605 0.874186 
1497 761.9 365.188 0.305379 114.372 0.873017 
1498 763.85 367.684 0.302884 114.146 0.871847 
1499 765.797 370.17 0.300414 113.927 0.870678 
1500 767.741 372.642 0.297969 113.713 0.869508 
1501 769.678 375.1 0.295549 113.506 0.868338 
1502 771.608 377.541 0.293154 113.306 0.867167 
1503 773.529 379.965 0.290785 113.112 0.865996 
1504 775.441 382.371 0.28844 112.924 0.864825 
1505 777.342 384.757 0.28612 112.742 0.863652 
1506 779.231 387.124 0.283826 112.567 0.862479 
1507 781.107 389.469 0.281555 112.397 0.861306 
1508 782.969 391.791 0.27931 112.234 0.860131 
1509 784.815 394.09 0.277089 112.077 0.858956 
1510 786.645 396.365 0.274893 111.925 0.857779 
1511 788.457 398.615 0.272721 111.779 0.856602 
1512 790.25 400.838 0.270573 111.639 0.855424 
1513 792.023 403.033 0.26845 111.505 0.854245 
1514 793.775 405.2 0.26635 111.377 0.853064 
1515 795.505 407.337 0.264275 111.254 0.851883 
1516 797.211 409.444 0.262224 111.136 0.8507 
1517 798.892 411.519 0.260196 111.024 0.849516 
1518 800.547 413.561 0.258192 110.917 0.848331 
1519 802.175 415.569 0.256212 110.816 0.847144 
1520 803.774 417.542 0.254256 110.72 0.845956 
1521 805.343 419.479 0.252323 110.628 0.844766 
1522 806.882 421.379 0.250413 110.542 0.843574 
1523 808.388 423.241 0.248526 110.461 0.842382 
1524 809.861 425.063 0.246663 110.385 0.841187 
1525 811.3 426.845 0.244823 110.314 0.839991 
1526 812.702 428.585 0.243006 110.247 0.838792 
1527 814.067 430.283 0.241211 110.185 0.837592 
1528 815.394 431.936 0.23944 110.128 0.83639 
1529 816.681 433.545 0.237691 110.076 0.835187 
1530 817.927 435.108 0.235964 110.027 0.833981 
1531 819.131 436.623 0.23426 109.984 0.832773 
1532 820.291 438.09 0.232578 109.944 0.831562 
1533 821.406 439.507 0.230919 109.909 0.83035 
1534 822.475 440.874 0.229282 109.878 0.829135 
1535 823.497 442.189 0.227666 109.851 0.827918 
1536 824.469 443.451 0.226073 109.828 0.826699 
1537 825.392 444.659 0.224501 109.809 0.825477 
1538 826.263 445.811 0.222951 109.794 0.824252 
1539 827.081 446.907 0.221422 109.783 0.823025 
1540 827.845 447.945 0.219915 109.775 0.821795 
1541 828.553 448.924 0.218429 109.771 0.820563 
1542 829.205 449.843 0.216965 109.77 0.819327 
1543 829.798 450.701 0.215521 109.773 0.818089 
1544 830.332 451.496 0.214098 109.78 0.816848 
1545 830.805 452.228 0.212697 109.789 0.815604 
1546 831.215 452.894 0.211316 109.802 0.814357 
1547 831.562 453.494 0.209955 109.818 0.813107 
1548 831.843 454.027 0.208615 109.837 0.811853 
1549 832.059 454.492 0.207295 109.859 0.810597 
1550 832.206 454.886 0.205996 109.884 0.809337 
1551 832.284 455.209 0.204716 109.911 0.808073 
1552 832.293 455.462 0.203457 109.941 0.806807 
1553 832.234 455.645 0.202217 109.974 0.805537 
1554 832.107 455.759 0.200997 110.009 0.804264 
1555 831.912 455.805 0.199797 110.047 0.802987 
1556 831.651 455.782 0.198616 110.087 0.801708 
1557 831.323 455.692 0.197455 110.129 0.800425 
1558 830.929 455.535 0.196312 110.173 0.799139 
1559 830.47 455.313 0.195189 110.218 0.797851 
1560 829.946 455.025 0.194085 110.266 0.796559 
1561 829.357 454.673 0.193 110.315 0.795265 
1562 828.705 454.256 0.191933 110.366 0.793967 
1563 827.989 453.776 0.190885 110.418 0.792667 
1564 827.211 453.234 0.189855 110.472 0.791365 
1565 826.37 452.63 0.188844 110.526 0.790059 
1566 825.467 451.964 0.187851 110.582 0.788751 
1567 824.503 451.238 0.186876 110.639 0.787441 
1568 823.478 450.452 0.185919 110.696 0.786128 
1569 822.393 449.607 0.184979 110.754 0.784812 
1570 821.249 448.704 0.184057 110.813 0.783494 
1571 820.045 447.743 0.183153 110.872 0.782174 
1572 818.783 446.725 0.182266 110.932 0.780852 
1573 817.462 445.651 0.181397 110.992 0.779527 
1574 816.085 444.521 0.180544 111.052 0.7782 
1575 814.65 443.336 0.179709 111.112 0.776871 
1576 813.159 442.097 0.17889 111.171 0.77554 
1577 811.612 440.805 0.178088 111.231 0.774207 
1578 810.01 439.461 0.177302 111.29 0.772872 
1579 808.354 438.064 0.176533 111.348 0.771535 
1580 806.643 436.617 0.175779 111.406 0.770197 
1581 804.879 435.119 0.175042 111.463 0.768856 
1582 803.062 433.571 0.174321 111.519 0.767514 
1583 801.193 431.975 0.173616 111.574 0.766171 
1584 799.272 430.331 0.172926 111.628 0.764825 
1585 797.3 428.639 0.172252 111.681 0.763478 
1586 795.278 426.902 0.171593 111.732 0.76213 
1587 793.205 425.118 0.170949 111.782 0.76078 
1588 791.084 423.29 0.170321 111.829 0.759429 
1589 788.914 421.417 0.169707 111.875 0.758077 
1590 786.695 419.501 0.169107 111.919 0.756723 
1591 784.429 417.543 0.168523 111.961 0.755369 
1592 782.117 415.543 0.167952 112.001 0.754013 
1593 779.758 413.502 0.167396 112.038 0.752656 
1594 777.354 411.421 0.166854 112.073 0.751298 
1595 774.904 409.301 0.166326 112.105 0.749939 
1596 772.411 407.143 0.165812 112.135 0.74858 
1597 769.874 404.947 0.165311 112.161 0.747219 
1598 767.293 402.714 0.164823 112.184 0.745858 
1599 764.671 400.445 0.164349 112.204 0.744496 
1600 762.007 398.142 0.163888 112.221 0.743134 
1601 759.301 395.804 0.16344 112.234 0.741771 
1602 756.556 393.433 0.163004 112.244 0.740407 
1603 753.773 391.031 0.162581 112.25 0.739044 
1604 750.952 388.598 0.162171 112.253 0.737679 
1605 748.096 386.137 0.161774 112.252 0.736315 
1606 745.204 383.647 0.161389 112.247 0.734951 
1607 742.279 381.131 0.161016 112.239 0.733586 
1608 739.322 378.59 0.160656 112.227 0.732221 
1609 736.335 376.024 0.160308 112.211 0.730857 
1610 733.318 373.437 0.159972 112.192 0.729493 
1611 730.272 370.828 0.159648 112.168 0.728129 
1612 727.2 368.199 0.159336 112.141 0.726765 
1613 724.103 365.551 0.159036 112.11 0.725401 
1614 720.981 362.886 0.158748 112.075 0.724039 
1615 717.836 360.205 0.158471 112.036 0.722676 
1616 714.67 357.51 0.158206 111.993 0.721315 
1617 711.484 354.802 0.157953 111.946 0.719954 
1618 708.279 352.081 0.157711 111.895 0.718594 
1619 705.057 349.35 0.15748 111.84 0.717234 
1620 701.819 346.611 0.157261 111.781 0.715876 
1621 698.566 343.863 0.157052 111.718 0.714519 
1622 695.3 341.109 0.156855 111.65 0.713163 
1623 692.022 338.351 0.156669 111.579 0.711808 
1624 688.734 335.589 0.156494 111.503 0.710454 
1625 685.437 332.825 0.156329 111.423 0.709102 
1626 682.133 330.06 0.156175 111.338 0.707752 
1627 678.822 327.296 0.156032 111.249 0.706402 
1628 675.507 324.534 0.155899 111.156 0.705055 
1629 672.188 321.776 0.155777 111.058 0.703709 
1630 668.868 319.024 0.155665 110.956 0.702365 
1631 665.547 316.278 0.155563 110.85 0.701023 
1632 662.228 313.54 0.155471 110.739 0.699683 
1633 658.911 310.811 0.155389 110.623 0.698345 
1634 655.598 308.094 0.155317 110.503 0.69701 
1635 652.291 305.389 0.155255 110.378 0.695676 
1636 648.991 302.698 0.155203 110.248 0.694345 
1637 645.7 300.023 0.15516 110.114 0.693016 
1638 642.418 297.364 0.155127 109.975 0.69169 
1639 639.149 294.725 0.155103 109.832 0.690367 
1640 635.892 292.105 0.155088 109.683 0.689046 
1641 632.65 289.507 0.155083 109.53 0.687728 
1642 629.425 286.932 0.155086 109.372 0.686412 
1643 626.217 284.382 0.155099 109.209 0.6851 
1644 623.028 281.858 0.15512 109.041 0.683791 
1645 619.861 279.362 0.15515 108.868 0.682485 
1646 616.715 276.895 0.155189 108.69 0.681182 
1647 613.594 274.46 0.155236 108.506 0.679883 
1648 610.499 272.056 0.155292 108.318 0.678587 
1649 607.43 269.687 0.155356 108.125 0.677295 
1650 604.39 267.354 0.155428 107.927 0.676006 
1651 601.381 265.058 0.155509 107.723 0.674721 
1652 598.402 262.799 0.155597 107.514 0.673439 
1653 595.455 260.578 0.155693 107.3 0.672162 
1654 592.54 258.396 0.155798 107.082 0.670888 
1655 589.657 256.253 0.15591 106.858 0.669618 
1656 586.806 254.149 0.156029 106.629 0.668352 
1657 583.989 252.084 0.156157 106.396 0.667089 
1658 581.206 250.059 0.156292 106.158 0.665831 
1659 578.457 248.074 0.156434 105.915 0.664576 
1660 575.744 246.129 0.156584 105.668 0.663325 
1661 573.065 244.226 0.156741 105.416 0.662078 
1662 570.422 242.364 0.156906 105.16 0.660835 
1663 567.816 240.543 0.157078 104.9 0.659596 
1664 565.246 238.765 0.157257 104.635 0.65836 
1665 562.714 237.029 0.157443 104.366 0.657129 
1666 560.219 235.335 0.157636 104.093 0.655902 
1667 557.763 233.685 0.157836 103.816 0.654678 
1668 555.346 232.078 0.158043 103.535 0.653459 
1669 552.968 230.515 0.158256 103.25 0.652244 
1670 550.631 228.996 0.158476 102.961 0.651032 
1671 548.333 227.522 0.158703 102.668 0.649825 
1672 546.077 226.093 0.158937 102.372 0.648622 
1673 543.862 224.71 0.159176 102.072 0.647423 
1674 541.689 223.372 0.159423 101.769 0.646228 
1675 539.559 222.08 0.159675 101.462 0.645037 
1676 537.472 220.834 0.159934 101.152 0.64385 
1677 535.429 219.636 0.160199 100.839 0.642667 
1678 533.429 218.485 0.16047 100.522 0.641489 
1679 531.475 217.381 0.160746 100.202 0.640314 
1680 529.565 216.326 0.161029 99.8796 0.639144 
1681 527.702 215.318 0.161318 99.5539 0.637978 
1682 525.884 214.36 0.161612 99.2254 0.636817 
1683 524.114 213.451 0.161912 98.894 0.635659 
1684 522.391 212.592 0.162217 98.56 0.634506 
1685 520.716 211.782 0.162528 98.2233 0.633357 
1686 519.089 211.023 0.162844 97.8841 0.632212 
1687 517.512 210.315 0.163166 97.5424 0.631072 
1688 515.984 209.658 0.163493 97.1983 0.629936 
1689 514.506 209.052 0.163825 96.8519 0.628804 
1690 513.08 208.499 0.164162 96.5034 0.627677 
1691 511.704 207.997 0.164504 96.1527 0.626554 
1692 510.38 207.549 0.16485 95.8 0.625436 
1693 509.109 207.154 0.165202 95.4453 0.624321 
1694 507.891 206.812 0.165558 95.0887 0.623212 
1695 506.726 206.524 0.165919 94.7304 0.622106 
1696 505.615 206.291 0.166284 94.3704 0.621006 
1697 504.559 206.113 0.166654 94.0088 0.619909 
1698 503.559 205.989 0.167028 93.6456 0.618817 
1699 502.614 205.922 0.167406 93.281 0.61773 
1700 501.726 205.91 0.167789 92.9151 0.616647 
1701 500.894 205.955 0.168175 92.548 0.615569 
1702 500.119 206.055 0.168566 92.1796 0.614495 
1703 499.4 206.21 0.16896 91.8102 0.613425 
1704 498.735 206.419 0.169358 91.4398 0.61236 
1705 498.125 206.681 0.16976 91.0684 0.6113 
1706 497.569 206.996 0.170165 90.6963 0.610243 
1707 497.065 207.363 0.170574 90.3234 0.609191 
1708 496.614 207.78 0.170987 89.9498 0.608143 
1709 496.214 208.247 0.171402 89.5756 0.6071 
1710 495.865 208.763 0.171821 89.201 0.60606 
1711 495.566 209.328 0.172243 88.8259 0.605024 
1712 495.316 209.94 0.172668 88.4506 0.603993 
1713 495.115 210.599 0.173096 88.075 0.602965 
1714 494.962 211.304 0.173527 87.6992 0.601942 
1715 494.856 212.053 0.17396 87.3234 0.600922 
1716 494.797 212.847 0.174397 86.9477 0.599906 
1717 494.784 213.683 0.174836 86.5721 0.598893 
1718 494.815 214.563 0.175277 86.1967 0.597885 
1719 494.891 215.483 0.175721 85.8216 0.59688 
1720 495.01 216.444 0.176167 85.4469 0.595879 
1721 495.172 217.445 0.176615 85.0726 0.594881 
1722 495.377 218.485 0.177065 84.699 0.593887 
1723 495.622 219.563 0.177517 84.326 0.592896 
1724 495.908 220.678 0.177971 83.9538 0.591909 
1725 496.234 221.829 0.178427 83.5824 0.590925 
1726 496.599 223.015 0.178885 83.212 0.589944 
1727 497.001 224.236 0.179344 82.8426 0.588966 
1728 497.442 225.49 0.179804 82.4744 0.587992 
1729 497.919 226.777 0.180266 82.1074 0.587021 
1730 498.432 228.096 0.18073 81.7417 0.586053 
1731 498.98 229.445 0.181194 81.3774 0.585088 
1732 499.562 230.824 0.18166 81.0146 0.584126 
1733 500.178 232.231 0.182126 80.6535 0.583166 
1734 500.826 233.667 0.182594 80.294 0.58221 
1735 501.506 235.13 0.183062 79.9364 0.581257 
1736 502.218 236.618 0.183531 79.5806 0.580306 
1737 502.959 238.132 0.184 79.2268 0.579358 
1738 503.73 239.67 0.18447 78.8752 0.578412 
1739 504.53 241.231 0.18494 78.5257 0.577469 
1740 505.357 242.814 0.18541 78.1785 0.576529 
1741 506.212 244.418 0.185881 77.8337 0.575591 
1742 507.092 246.043 0.186351 77.4913 0.574655 
1743 507.998 247.687 0.186822 77.1516 0.573722 
1744 508.928 249.349 0.187292 76.8145 0.572791 
1745 509.882 251.029 0.187762 76.4803 0.571862 
1746 510.859 252.724 0.188231 76.1489 0.570936 
1747 511.857 254.435 0.1887 75.8205 0.570011 
1748 512.876 256.161 0.189168 75.4952 0.569089 
1749 513.916 257.899 0.189636 75.1731 0.568169 
1750 514.975 259.65 0.190103 74.8543 0.56725 
1751 516.052 261.412 0.190568 74.5389 0.566333 
1752 517.147 263.185 0.191033 74.2269 0.565419 
1753 518.258 264.967 0.191496 73.9184 0.564506 
1754 519.385 266.757 0.191958 73.6132 0.563594 
1755 520.526 268.555 0.192419 73.3115 0.562684 
1756 521.681 270.359 0.192878 73.0133 0.561776 
1757 522.848 272.168 0.193336 72.7185 0.56087 
1758 524.027 273.983 0.193792 72.4272 0.559965 
1759 525.217 275.8 0.194246 72.1394 0.559062 
1760 526.416 277.621 0.194698 71.8551 0.55816 
1761 527.624 279.443 0.195147 71.5744 0.557259 
1762 528.839 281.265 0.195595 71.2971 0.55636 
1763 530.061 283.087 0.196041 71.0234 0.555462 
1764 531.289 284.908 0.196484 70.7532 0.554565 
1765 532.521 286.726 0.196924 70.4866 0.553669 
1766 533.756 288.541 0.197362 70.2236 0.552775 
1767 534.994 290.351 0.197797 69.9641 0.551881 
1768 536.234 292.156 0.198229 69.7083 0.550989 
1769 537.474 293.955 0.198658 69.456 0.550098 
1770 538.713 295.746 0.199085 69.2074 0.549208 
1771 539.95 297.528 0.199507 68.9624 0.548318 
1772 541.185 299.301 0.199927 68.721 0.547429 
1773 542.416 301.063 0.200343 68.4833 0.546542 
1774 543.642 302.814 0.200756 68.2492 0.545655 
1775 544.862 304.552 0.201164 68.0189 0.544768 
1776 546.075 306.276 0.201569 67.7922 0.543882 
1777 547.28 307.985 0.201971 67.5692 0.542997 
1778 548.476 309.678 0.202368 67.3499 0.542113 
1779 549.661 311.355 0.20276 67.1343 0.541228 
1780 550.835 313.013 0.203149 66.9225 0.540345 
1781 551.997 314.652 0.203533 66.7144 0.539461 
1782 553.145 316.271 0.203913 66.5101 0.538578 
1783 554.278 317.869 0.204288 66.3095 0.537696 
1784 555.396 319.444 0.204658 66.1127 0.536813 
1785 556.497 320.996 0.205023 65.9197 0.535931 
1786 557.579 322.524 0.205383 65.7305 0.535048 
1787 558.643 324.025 0.205738 65.5451 0.534166 
1788 559.686 325.5 0.206088 65.3635 0.533284 
1789 560.708 326.947 0.206433 65.1858 0.532401 
1790 561.707 328.365 0.206771 65.0119 0.531519 
1791 562.683 329.752 0.207105 64.8419 0.530636 
1792 563.633 331.109 0.207432 64.6758 0.529754 
1793 564.558 332.433 0.207753 64.5135 0.52887 
1794 565.456 333.723 0.208069 64.3551 0.527987 
1795 566.325 334.979 0.208378 64.2006 0.527103 
1796 567.164 336.199 0.208681 64.0501 0.526219 
1797 567.973 337.382 0.208978 63.9034 0.525334 
1798 568.75 338.527 0.209268 63.7607 0.524449 
1799 569.494 339.632 0.209551 63.622 0.523563 
1800 570.204 340.697 0.209827 63.4872 0.522676 
1801 570.879 341.72 0.210097 63.3564 0.521788 
1802 571.518 342.702 0.21036 63.2295 0.5209 
1803 572.121 343.642 0.210615 63.1065 0.520011 
1804 572.689 344.54 0.210864 62.9872 0.519121 
1805 573.22 345.397 0.211105 62.8718 0.518231 
1806 573.716 346.212 0.211339 62.76 0.51734 
1807 574.175 346.985 0.211566 62.6519 0.516448 
1808 574.599 347.716 0.211786 62.5474 0.515556 
1809 574.985 348.405 0.211999 62.4464 0.514662 
1810 575.336 349.053 0.212205 62.3489 0.513768 
1811 575.649 349.659 0.212403 62.2548 0.512874 
1812 575.926 350.222 0.212594 62.164 0.511978 
1813 576.167 350.744 0.212777 62.0766 0.511082 
1814 576.37 351.224 0.212954 61.9925 0.510186 
1815 576.536 351.662 0.213122 61.9115 0.509288 
1816 576.665 352.058 0.213284 61.8336 0.50839 
1817 576.757 352.412 0.213438 61.7589 0.507491 
1818 576.811 352.724 0.213584 61.6871 0.506592 
1819 576.828 352.995 0.213723 61.6184 0.505692 
1820 576.807 353.223 0.213854 61.5525 0.504791 
1821 576.748 353.409 0.213978 61.4894 0.50389 
1822 576.651 353.553 0.214094 61.4292 0.502988 
1823 576.516 353.655 0.214202 61.3716 0.502085 
1824 576.343 353.715 0.214303 61.3167 0.501182 
1825 576.132 353.732 0.214396 61.2645 0.500278 
1826 575.883 353.708 0.214481 61.2147 0.499374 
1827 575.595 353.642 0.214558 61.1675 0.498469 
1828 575.268 353.533 0.214628 61.1226 0.497563 
1829 574.903 353.383 0.214689 61.0801 0.496657 
1830 574.499 353.19 0.214743 61.0399 0.49575 
1831 574.055 352.955 0.214789 61.002 0.494842 
1832 573.573 352.678 0.214827 60.9662 0.493934 
1833 573.052 352.358 0.214856 60.9325 0.493025 
1834 572.491 351.997 0.214878 60.9008 0.492116 
1835 571.89 351.593 0.214892 60.8711 0.491206 
1836 571.251 351.147 0.214897 60.8434 0.490296 
1837 570.571 350.659 0.214895 60.8175 0.489385 
1838 569.852 350.129 0.214884 60.7934 0.488474 
1839 569.092 349.556 0.214865 60.771 0.487562 
1840 568.293 348.942 0.214838 60.7502 0.486649 
1841 567.453 348.285 0.214802 60.731 0.485736 
1842 566.573 347.585 0.214758 60.7134 0.484822 
1843 565.653 346.844 0.214706 60.6972 0.483908 
1844 564.692 346.06 0.214645 60.6825 0.482993 
1845 563.691 345.234 0.214576 60.669 0.482078 
1846 562.648 344.366 0.214499 60.6568 0.481162 
1847 561.565 343.455 0.214413 60.6458 0.480246 
1848 560.441 342.502 0.214318 60.6359 0.479329 
1849 559.275 341.507 0.214215 60.6271 0.478412 
1850 558.069 340.47 0.214104 60.6193 0.477495 
1851 556.821 339.39 0.213983 60.6124 0.476576 
1852 555.532 338.269 0.213854 60.6063 0.475658 
1853 554.203 337.107 0.213717 60.6011 0.474739 
1854 552.834 335.904 0.213571 60.5966 0.473819 
1855 551.427 334.662 0.213416 60.5929 0.472899 
1856 549.98 333.381 0.213253 60.5898 0.471979 
1857 548.497 332.062 0.213082 60.5873 0.471059 
1858 546.975 330.705 0.212902 60.5854 0.470138 
1859 545.418 329.311 0.212713 60.584 0.469217 
1860 543.824 327.881 0.212516 60.583 0.468296 
1861 542.195 326.415 0.212311 60.5824 0.467375 
1862 540.531 324.915 0.212097 60.5822 0.466454 
1863 538.833 323.38 0.211875 60.5822 0.465532 
1864 537.101 321.812 0.211645 60.5825 0.46461 
1865 535.337 320.211 0.211406 60.583 0.463689 
1866 533.54 318.578 0.211159 60.5836 0.462767 
1867 531.711 316.914 0.210904 60.5842 0.461846 
1868 529.852 315.219 0.210641 60.5849 0.460924 
1869 527.962 313.495 0.210369 60.5855 0.460003 
1870 526.043 311.741 0.21009 60.586 0.459082 
1871 524.094 309.959 0.209802 60.5864 0.458161 
1872 522.117 308.149 0.209506 60.5866 0.45724 
1873 520.112 306.312 0.209202 60.5865 0.456319 
1874 518.08 304.448 0.20889 60.5861 0.455399 
1875 516.022 302.56 0.20857 60.5853 0.454479 
1876 513.938 300.646 0.208242 60.584 0.45356 
1877 511.828 298.708 0.207906 60.5823 0.45264 
1878 509.694 296.748 0.207562 60.58 0.451722 
1879 507.537 294.764 0.20721 60.5771 0.450803 
1880 505.356 292.759 0.206851 60.5736 0.449885 
1881 503.153 290.732 0.206483 60.5693 0.448968 
1882 500.928 288.686 0.206108 60.5642 0.448051 
1883 498.681 286.62 0.205724 60.5583 0.447135 
1884 496.415 284.535 0.205333 60.5515 0.446219 
1885 494.128 282.432 0.204935 60.5437 0.445304 
1886 491.823 280.312 0.204528 60.5349 0.44439 
1887 489.499 278.176 0.204114 60.525 0.443477 
1888 487.158 276.024 0.203693 60.514 0.442564 
1889 484.799 273.857 0.203263 60.5018 0.441652 
1890 482.425 271.676 0.202826 60.4883 0.440741 
1891 480.035 269.482 0.202382 60.4735 0.439831 
1892 477.63 267.275 0.20193 60.4574 0.438922 
1893 475.21 265.057 0.201471 60.4397 0.438013 
1894 472.778 262.827 0.201004 60.4206 0.437106 
1895 470.333 260.588 0.200529 60.3999 0.4362 
1896 467.875 258.339 0.200048 60.3776 0.435295 
1897 465.407 256.082 0.199559 60.3536 0.434391 
1898 462.928 253.817 0.199062 60.3278 0.433488 
1899 460.439 251.546 0.198559 60.3002 0.432586 
1900 457.941 249.268 0.198048 60.2707 0.431686 
1901 455.435 246.986 0.197529 60.2393 0.430786 
1902 452.921 244.699 0.197004 60.206 0.429888 
1903 450.401 242.408 0.196472 60.1707 0.428992 
1904 447.875 240.115 0.195933 60.1336 0.428097 
1905 445.344 237.82 0.195387 60.0945 0.427203 
1906 442.809 235.524 0.194835 60.0535 0.426311 
1907 440.272 233.227 0.194276 60.0106 0.42542 
1908 437.732 230.932 0.19371 59.9659 0.424531 
1909 435.19 228.638 0.193139 59.9193 0.423643 
1910 432.648 226.346 0.192561 59.8708 0.422758 
1911 430.107 224.058 0.191978 59.8204 0.421874 
1912 427.567 221.773 0.191388 59.7682 0.420992 
1913 425.03 219.494 0.190793 59.7142 0.420111 
1914 422.495 217.221 0.190192 59.6584 0.419233 
1915 419.965 214.954 0.189586 59.6007 0.418357 
1916 417.44 212.695 0.188975 59.5412 0.417482 
1917 414.92 210.444 0.188358 59.48 0.41661 
1918 412.408 208.203 0.187736 59.4169 0.41574 
1919 409.903 205.972 0.187109 59.3521 0.414871 
1920 407.407 203.752 0.186478 59.2855 0.414006 
1921 404.921 201.544 0.185842 59.2171 0.413142 
1922 402.445 199.349 0.185201 59.147 0.412281 
1923 399.981 197.167 0.184556 59.0751 0.411422 
1924 397.529 195.001 0.183907 59.0015 0.410565 
1925 395.091 192.85 0.183254 58.9262 0.409711 
1926 392.667 190.716 0.182596 58.8492 0.40886 
1927 390.259 188.599 0.181935 58.7705 0.408011 
1928 387.867 186.5 0.18127 58.6901 0.407165 
1929 385.492 184.421 0.180602 58.608 0.406321 
1930 383.135 182.362 0.17993 58.5243 0.405481 
1931 380.798 180.324 0.179255 58.4388 0.404643 
1932 378.48 178.308 0.178576 58.3518 0.403808 
1933 376.184 176.316 0.177895 58.2631 0.402975 
1934 373.91 174.347 0.177211 58.1727 0.402146 
1935 371.659 172.403 0.176524 58.0808 0.40132 
1936 369.433 170.485 0.175835 57.9872 0.400497 
1937 367.231 168.594 0.175143 57.8921 0.399677 
1938 365.056 166.73 0.174449 57.7953 0.39886 
1939 362.908 164.896 0.173753 57.697 0.398046 
1940 360.787 163.09 0.173054 57.5972 0.397236 
1941 358.697 161.316 0.172354 57.4957 0.396429 
1942 356.636 159.573 0.171652 57.3927 0.395626 
1943 354.606 157.863 0.170949 57.2882 0.394826 
1944 352.609 156.186 0.170244 57.1822 0.394029 
1945 350.645 154.544 0.169538 57.0747 0.393236 
1946 348.715 152.937 0.168831 56.9656 0.392447 
1947 346.82 151.367 0.168123 56.8551 0.391661 
1948 344.962 149.835 0.167414 56.7431 0.39088 
1949 343.141 148.341 0.166705 56.6296 0.390101 
1950 341.358 146.886 0.165995 56.5147 0.389327 
1951 339.615 145.472 0.165285 56.3983 0.388557 
1952 337.91 144.097 0.164574 56.2806 0.387791 
1953 336.244 142.761 0.163863 56.1614 0.387028 
1954 334.615 141.464 0.163151 56.0408 0.386269 
1955 333.022 140.204 0.162439 55.9189 0.385513 
1956 331.465 138.981 0.161727 55.7956 0.384761 
1957 329.942 137.794 0.161014 55.6709 0.384012 
1958 328.454 136.642 0.1603 55.545 0.383266 
1959 327 135.525 0.159586 55.4178 0.382523 
1960 325.578 134.441 0.158872 55.2893 0.381784 
1961 324.188 133.39 0.158157 55.1595 0.381047 
1962 322.829 132.371 0.157441 55.0286 0.380312 
1963 321.5 131.384 0.156724 54.8964 0.379581 
1964 320.201 130.427 0.156007 54.763 0.378852 
1965 318.931 129.5 0.155289 54.6284 0.378125 
1966 317.689 128.602 0.154571 54.4927 0.377401 
1967 316.474 127.732 0.153852 54.3559 0.376679 
1968 315.285 126.89 0.153132 54.2179 0.375958 
1969 314.122 126.074 0.152411 54.0789 0.37524 
1970 312.983 125.284 0.151689 53.9388 0.374524 
1971 311.869 124.519 0.150966 53.7976 0.373809 
1972 310.777 123.778 0.150243 53.6554 0.373096 
1973 309.708 123.06 0.149518 53.5122 0.372385 
1974 308.66 122.365 0.148793 53.368 0.371675 
1975 307.633 121.692 0.148067 53.2228 0.370966 
1976 306.626 121.039 0.14734 53.0767 0.370258 
1977 305.638 120.407 0.146611 52.9296 0.369551 
1978 304.668 119.794 0.145882 52.7817 0.368845 
1979 303.716 119.199 0.145152 52.6328 0.36814 
1980 302.78 118.621 0.14442 52.4831 0.367436 
1981 301.859 118.061 0.143687 52.3325 0.366732 
1982 300.954 117.516 0.142953 52.1812 0.366028 
1983 300.062 116.986 0.142218 52.029 0.365325 
1984 299.184 116.47 0.141482 51.876 0.364622 
1985 298.317 115.968 0.140745 51.7223 0.363919 
1986 297.462 115.478 0.140006 51.5679 0.363216 
1987 296.618 114.999 0.139266 51.4127 0.362513 
1988 295.783 114.531 0.138525 51.2568 0.361809 
1989 294.957 114.073 0.137782 51.1003 0.361106 
1990 294.139 113.624 0.137038 50.9431 0.360401 
1991 293.328 113.183 0.136292 50.7853 0.359696 
1992 292.523 112.749 0.135545 50.6269 0.35899 
1993 291.723 112.321 0.134797 50.4679 0.358283 
1994 290.928 111.898 0.134047 50.3084 0.357575 
1995 290.136 111.481 0.133295 50.1483 0.356866 
1996 289.346 111.066 0.132542 49.9877 0.356155 
1997 288.559 110.654 0.131787 49.8266 0.355443 
1998 287.771 110.245 0.131031 49.665 0.35473 
1999 286.984 109.835 0.130273 49.503 0.354014 
2000 286.196 109.426 0.129513 49.3406 0.353297 
