2 1003.11 966.602 378.583 13.9605 0.000695098 
3 973.027 951.112 265.94 24.9385 0.00138423 
4 940.247 935.435 203.392 37.8655 0.00229545 
5 916.829 920.796 163.965 52.4109 0.00342367 
6 901.83 906.591 137.122 68.3098 0.00476335 
7 893.303 892.526 117.874 85.3466 0.00630871 
8 889.648 878.457 103.564 103.341 0.00805364 
9 889.172 863.818 92.702 122.135 0.00999197 
10 892.594 850.046 84.1555 141.604 0.0121174 
11 897.671 835.572 77.3799 161.623 0.0144234 
12 904.693 821.144 72.1713 182.09 0.0169036 
13 912.496 805.904 67.8703 202.91 0.0195516 
14 922.08 791.153 64.4869 224.007 0.0223608 
15 933.334 776.99 61.9285 245.307 0.0253249 
16 944.149 761.41 59.7337 266.722 0.0284375 
17 955.2 745.304 57.9441 288.203 0.0316922 
18 967.628 730.028 56.6962 309.711 0.0350827 
19 981.744 716.025 55.9949 331.2 0.0386029 
20 996.808 702.59 55.6838 352.612 0.0422467 
21 1011.44 688.319 55.5111 373.884 0.0460082 
22 1025.79 673.454 55.463 394.984 0.0498816 
23 1040.33 658.584 55.5836 415.886 0.0538611 
24 1055.29 644.018 55.8905 436.565 0.057941 
25 1070.58 629.725 56.3695 456.986 0.0621159 
26 1085.96 615.468 56.9868 477.115 0.0663803 
27 1101.54 601.415 57.7444 496.931 0.0707292 
28 1117.42 587.739 58.6446 516.415 0.0751574 
29 1133.57 574.43 59.6723 535.545 0.07966 
30 1149.75 561.263 60.7936 554.293 0.0842324 
31 1165.67 547.941 61.9679 572.631 0.0888699 
32 1181.44 534.617 63.1966 590.551 0.0935681 
33 1197.27 521.549 64.4914 608.05 0.0983226 
34 1213.32 508.953 65.8611 625.127 0.103129 
35 1229.72 496.987 67.3109 641.775 0.107984 
36 1246.55 485.752 68.842 657.992 0.112882 
37 1263.81 475.281 70.4515 673.768 0.117821 
38 1281.46 465.527 72.1313 689.092 0.122796 
39 1299.36 456.364 73.8682 703.951 0.127805 
40 1317.3 447.572 75.643 718.325 0.132845 
41 1335.06 438.918 77.436 732.196 0.137912 
42 1352.67 430.44 79.2451 745.563 0.143003 
43 1370.22 422.243 81.0729 758.43 0.148116 
44 1387.78 414.419 82.9211 770.803 0.153248 
45 1405.41 407.045 84.7911 782.684 0.158397 
46 1423.17 400.18 86.6833 794.076 0.163559 
47 1441.07 393.866 88.5974 804.982 0.168733 
48 1459.15 388.122 90.532 815.402 0.173917 
49 1477.38 382.949 92.4849 825.334 0.17911 
50 1495.75 378.319 94.4527 834.775 0.184308 
51 1514.22 374.205 96.432 843.721 0.189511 
52 1532.82 370.64 98.4223 852.179 0.194718 
53 1551.59 367.671 100.424 860.158 0.199926 
54 1570.57 365.334 102.436 867.664 0.205135 
55 1589.78 363.655 104.458 874.705 0.210343 
56 1609.24 362.649 106.488 881.287 0.21555 
57 1628.94 362.319 108.526 887.415 0.220754 
58 1648.89 362.656 110.568 893.093 0.225956 
59 1669.05 363.637 112.613 898.324 0.231153 
60 1689.4 365.223 114.656 903.108 0.236347 
61 1709.91 367.379 116.694 907.447 0.241536 
62 1730.58 370.118 118.726 911.35 0.246721 
63 1751.46 373.467 120.753 914.826 0.251901 
64 1772.55 377.446 122.773 917.887 0.257075 
65 1793.89 382.072 124.787 920.542 0.262245 
66 1815.47 387.355 126.794 922.799 0.26741 
67 1837.33 393.303 128.794 924.666 0.27257 
68 1859.45 399.915 130.784 926.151 0.277726 
69 1881.83 407.186 132.765 927.26 0.282878 
70 1904.47 415.105 134.735 927.997 0.288027 
71 1927.36 423.66 136.693 928.368 0.293173 
72 1950.51 432.858 138.638 928.383 0.298317 
73 1973.94 442.708 140.57 928.052 0.303459 
74 1997.66 453.219 142.488 927.388 0.308601 
75 2021.67 464.392 144.393 926.4 0.313742 
76 2045.99 476.229 146.282 925.098 0.318884 
77 2070.61 488.727 148.156 923.49 0.324029 
78 2095.54 501.877 150.014 921.584 0.329176 
79 2120.77 515.671 151.854 919.388 0.334327 
80 2146.29 530.092 153.677 916.908 0.339483 
81 2172.08 545.127 155.48 914.149 0.344645 
82 2198.17 560.776 157.263 911.124 0.349815 
83 2224.54 577.04 159.026 907.843 0.354994 
84 2251.22 593.92 160.769 904.317 0.360182 
85 2278.21 611.414 162.491 900.557 0.365382 
86 2305.51 629.519 164.192 896.572 0.370594 
87 2333.12 648.229 165.872 892.371 0.375819 
88 2361.03 667.536 167.529 887.963 0.38106 
89 2389.26 687.43 169.164 883.357 0.386317 
90 2417.78 707.899 170.776 878.557 0.391592 
91 2446.58 728.93 172.365 873.573 0.396886 
92 2475.68 750.516 173.929 868.413 0.402201 
93 2505.07 772.653 175.47 863.088 0.407538 
94 2534.75 795.332 176.986 857.606 0.412899 
95 2564.72 818.547 178.477 851.977 0.418285 
96 2594.98 842.286 179.944 846.208 0.423696 
97 2625.51 866.538 181.384 840.308 0.429136 
98 2656.31 891.291 182.8 834.283 0.434604 
99 2687.37 916.529 184.189 828.139 0.440103 
100 2718.68 942.235 185.551 821.881 0.445634 
101 2750.23 968.395 186.886 815.516 0.451198 
102 2782.01 994.999 188.195 809.054 0.456796 
103 2814.03 1022.04 189.476 802.504 0.46243 
104 2846.29 1049.52 190.73 795.879 0.468102 
105 2878.79 1077.41 191.956 789.187 0.473811 
106 2911.52 1105.72 193.155 782.438 0.47956 
107 2944.48 1134.44 194.327 775.643 0.48535 
108 2977.67 1163.55 195.472 768.809 0.491181 
109 3011.09 1193.05 196.588 761.945 0.497056 
110 3044.72 1222.91 197.677 755.06 0.502974 
111 3078.57 1253.13 198.739 748.16 0.508938 
112 3112.61 1283.7 199.772 741.253 0.514947 
113 3146.85 1314.6 200.778 734.345 0.521003 
114 3181.28 1345.82 201.755 727.441 0.527107 
115 3215.87 1377.33 202.705 720.547 0.53326 
116 3250.62 1409.13 203.626 713.668 0.539462 
117 3285.51 1441.18 204.518 706.806 0.545715 
118 3320.52 1473.49 205.382 699.966 0.552019 
119 3355.64 1506.01 206.217 693.15 0.558374 
120 3390.85 1538.74 207.024 686.36 0.564781 
121 3426.12 1571.65 207.801 679.597 0.571241 
122 3461.45 1604.73 208.549 672.868 0.577754 
123 3496.84 1637.96 209.267 666.182 0.584321 
124 3532.27 1671.34 209.958 659.545 0.590942 
125 3567.74 1704.85 210.619 652.965 0.597618 
126 3603.24 1738.48 211.251 646.449 0.604349 
127 3638.76 1772.2 211.855 640.002 0.611135 
128 3674.3 1806.02 212.431 633.632 0.617977 
129 3709.83 1839.91 212.978 627.342 0.624875 
130 3745.36 1873.86 213.496 621.139 0.631829 
131 3780.87 1907.86 213.987 615.028 0.638839 
132 3816.35 1941.88 214.449 609.012 0.645904 
133 3851.79 1975.92 214.883 603.096 0.653025 
134 3887.16 2009.96 215.29 597.283 0.660202 
135 3922.47 2043.97 215.669 591.575 0.667434 
136 3957.69 2077.95 216.02 585.977 0.67472 
137 3992.81 2111.88 216.343 580.488 0.68206 
138 4027.81 2145.74 216.639 575.111 0.689455 
139 4062.67 2179.5 216.907 569.846 0.696902 
140 4097.38 2213.17 217.149 564.695 0.704401 
141 4131.92 2246.7 217.362 559.657 0.711951 
142 4166.28 2280.1 217.549 554.736 0.719552 
143 4200.44 2313.35 217.709 549.936 0.727203 
144 4234.4 2346.43 217.842 545.262 0.734905 
145 4268.15 2379.33 217.949 540.718 0.742655 
146 4301.67 2412.03 218.03 536.306 0.750454 
147 4334.96 2444.52 218.084 532.03 0.758301 
148 4368 2476.79 218.113 527.893 0.766195 
149 4400.77 2508.82 218.116 523.897 0.774134 
150 4433.28 2540.6 218.094 520.044 0.782119 
151 4465.5 2572.11 218.047 516.336 0.790148 
152 4497.42 2603.34 217.974 512.773 0.798219 
153 4529.02 2634.27 217.877 509.358 0.806332 
154 4560.3 2664.89 217.755 506.09 0.814485 
155 4591.24 2695.18 217.609 502.969 0.822677 
156 4621.82 2725.14 217.439 499.996 0.830906 
157 4652.03 2754.74 217.244 497.169 0.839171 
158 4681.86 2783.96 217.026 494.487 0.847469 
159 4711.28 2812.81 216.785 491.948 0.855799 
160 4740.28 2841.25 216.52 489.552 0.864159 
161 4768.84 2869.28 216.232 487.295 0.872548 
162 4796.96 2896.88 215.92 485.178 0.880963 
163 4824.63 2924.05 215.587 483.204 0.889404 
164 4851.82 2950.76 215.231 481.374 0.897868 
165 4878.55 2977.01 214.853 479.688 0.906356 
166 4904.78 3002.79 214.453 478.148 0.914865 
167 4930.53 3028.09 214.031 476.754 0.923394 
168 4955.76 3052.89 213.589 475.506 0.931942 
169 4980.48 3077.19 213.125 474.405 0.940506 
170 5004.67 3100.97 212.641 473.45 0.949085 
171 5028.33 3124.23 212.137 472.639 0.957677 
172 5051.44 3146.95 211.612 471.974 0.96628 
173 5073.99 3169.12 211.067 471.452 0.974893 
174 5095.98 3190.74 210.503 471.071 0.983514 
175 5117.38 3211.8 209.92 470.83 0.99214 
176 5138.2 3232.27 209.318 470.727 1.00077 
177 5158.41 3252.17 208.697 470.76 1.0094 
178 5178.02 3271.47 208.057 470.924 1.01803 
179 5197 3290.17 207.399 471.218 1.02665 
180 5215.35 3308.25 206.724 471.638 1.03527 
181 5233.06 3325.72 206.03 472.18 1.04388 
182 5250.12 3342.57 205.32 472.844 1.05248 
183 5266.52 3358.78 204.592 473.628 1.06107 
184 5282.25 3374.35 203.847 474.533 1.06965 
185 5297.32 3389.28 203.086 475.558 1.07821 
186 5311.71 3403.56 202.309 476.7 1.08676 
187 5325.43 3417.18 201.516 477.96 1.09528 
188 5338.45 3430.14 200.707 479.334 1.10379 
189 5350.79 3442.43 199.883 480.822 1.11227 
190 5362.42 3454.05 199.044 482.422 1.12074 
191 5373.36 3465 198.191 484.131 1.12917 
192 5383.59 3475.26 197.323 485.947 1.13758 
193 5393.1 3484.85 196.441 487.867 1.14596 
194 5401.9 3493.75 195.546 489.888 1.15431 
195 5409.97 3501.96 194.637 492.008 1.16262 
196 5417.32 3509.47 193.715 494.222 1.1709 
197 5423.94 3516.3 192.78 496.527 1.17914 
198 5429.82 3522.43 191.832 498.92 1.18735 
199 5434.97 3527.86 190.872 501.396 1.19551 
200 5439.37 3532.59 189.899 503.95 1.20363 
201 5443.02 3536.63 188.915 506.579 1.2117 
202 5445.93 3539.97 187.92 509.281 1.21972 
203 5448.09 3542.6 186.913 512.054 1.2277 
204 5449.5 3544.54 185.895 514.897 1.23562 
205 5450.16 3545.77 184.867 517.809 1.2435 
206 5450.08 3546.31 183.828 520.787 1.25132 
207 5449.24 3546.14 182.78 523.831 1.25909 
208 5447.65 3545.28 181.722 526.937 1.26681 
209 5445.32 3543.71 180.654 530.104 1.27446 
210 5442.24 3541.45 179.578 533.33 1.28207 
211 5438.42 3538.5 178.493 536.612 1.28961 
212 5433.85 3534.85 177.399 539.948 1.2971 
213 5428.54 3530.52 176.297 543.334 1.30452 
214 5422.49 3525.5 175.187 546.77 1.31188 
215 5415.71 3519.8 174.07 550.25 1.31918 
216 5408.19 3513.43 172.945 553.773 1.32642 
217 5399.94 3506.38 171.813 557.335 1.33359 
218 5390.97 3498.66 170.674 560.933 1.34069 
219 5381.27 3490.29 169.529 564.563 1.34773 
220 5370.85 3481.26 168.378 568.221 1.3547 
221 5359.72 3471.58 167.22 571.904 1.3616 
222 5347.88 3461.25 166.057 575.608 1.36842 
223 5335.34 3450.3 164.888 579.329 1.37518 
224 5322.1 3438.71 163.714 583.062 1.38186 
225 5308.16 3426.51 162.535 586.802 1.38846 
226 5293.54 3413.7 161.35 590.547 1.39499 
227 5278.23 3400.29 160.162 594.293 1.40145 
228 5262.25 3386.28 158.969 598.04 1.40783 
229 5245.61 3371.67 157.772 601.784 1.41413 
230 5228.3 3356.49 156.571 605.526 1.42035 
231 5210.34 3340.72 155.366 609.263 1.4265 
232 5191.73 3324.39 154.159 612.993 1.43256 
233 5172.48 3307.49 152.948 616.715 1.43855 
234 5152.6 3290.04 151.735 620.426 1.44447 
235 5132.1 3272.05 150.519 624.125 1.4503 
236 5110.98 3253.51 149.302 627.81 1.45606 
237 5089.27 3234.46 148.082 631.478 1.46173 
238 5066.95 3214.88 146.86 635.128 1.46733 
239 5044.05 3194.8 145.637 638.757 1.47285 
240 5020.58 3174.22 144.413 642.363 1.4783 
241 4996.54 3153.16 143.188 645.944 1.48366 
242 4971.94 3131.62 141.961 649.497 1.48894 
243 4946.81 3109.62 140.735 653.02 1.49415 
244 4921.15 3087.17 139.508 656.511 1.49928 
245 4894.96 3064.29 138.28 659.966 1.50433 
246 4868.28 3040.98 137.053 663.384 1.50931 
247 4841.1 3017.26 135.826 666.762 1.51421 
248 4813.44 2993.15 134.599 670.097 1.51903 
249 4785.31 2968.65 133.372 673.385 1.52377 
250 4756.73 2943.79 132.147 676.626 1.52844 
251 4727.72 2918.58 130.922 679.814 1.53303 
252 4698.27 2893.02 129.698 682.951 1.53755 
253 4668.41 2867.14 128.476 686.033 1.542 
254 4638.15 2840.93 127.255 689.061 1.54637 
255 4607.49 2814.41 126.036 692.033 1.55066 
256 4576.45 2787.6 124.818 694.949 1.55489 
257 4545.04 2760.49 123.603 697.807 1.55904 
258 4513.26 2733.11 122.39 700.606 1.56312 
259 4481.15 2705.46 121.18 703.345 1.56712 
260 4448.7 2677.56 119.973 706.024 1.57106 
261 4415.93 2649.41 118.768 708.64 1.57493 
262 4382.85 2621.04 117.567 711.194 1.57874 
263 4349.47 2592.45 116.369 713.684 1.58247 
264 4315.82 2563.66 115.174 716.109 1.58614 
265 4281.9 2534.68 113.983 718.468 1.58974 
266 4247.73 2505.52 112.796 720.759 1.59328 
267 4213.32 2476.19 111.612 722.983 1.59675 
268 4178.69 2446.72 110.433 725.138 1.60017 
269 4143.85 2417.12 109.258 727.222 1.60352 
270 4108.81 2387.4 108.087 729.235 1.60681 
271 4073.61 2357.57 106.921 731.175 1.61005 
272 4038.24 2327.66 105.759 733.042 1.61322 
273 4002.72 2297.67 104.602 734.835 1.61634 
274 3967.08 2267.62 103.45 736.552 1.61941 
275 3931.33 2237.54 102.303 738.192 1.62243 
276 3895.49 2207.43 101.16 739.755 1.62539 
277 3859.57 2177.31 100.023 741.24 1.6283 
278 3823.57 2147.18 98.8909 742.647 1.63117 
279 3787.53 2117.07 97.7642 743.977 1.63398 
280 3751.44 2086.98 96.6432 745.229 1.63675 
281 3715.32 2056.92 95.5277 746.404 1.63948 
282 3679.2 2026.91 94.4181 747.502 1.64216 
283 3643.07 1996.96 93.3143 748.522 1.6448 
284 3606.95 1967.07 92.2165 749.467 1.6474 
285 3570.86 1937.27 91.1248 750.334 1.64996 
286 3534.81 1907.57 90.0393 751.126 1.65249 
287 3498.82 1877.97 88.9601 751.842 1.65497 
288 3462.9 1848.49 87.8872 752.482 1.65743 
289 3427.07 1819.15 86.8208 753.047 1.65985 
290 3391.34 1789.95 85.7608 753.538 1.66224 
291 3355.72 1760.91 84.7074 753.955 1.6646 
292 3320.24 1732.05 83.6606 754.298 1.66693 
293 3284.9 1703.37 82.6205 754.568 1.66924 
294 3249.72 1674.89 81.5871 754.766 1.67152 
295 3214.72 1646.63 80.5605 754.892 1.67379 
296 3179.92 1618.6 79.5405 754.946 1.67603 
297 3145.32 1590.81 78.5274 754.93 1.67826 
298 3110.95 1563.28 77.5211 754.844 1.68047 
299 3076.83 1536.02 76.5216 754.689 1.68267 
300 3042.96 1509.05 75.5288 754.466 1.68486 
301 3009.37 1482.37 74.5429 754.175 1.68703 
302 2976.07 1456.01 73.5639 753.818 1.6892 
303 2943.06 1429.96 72.592 753.394 1.69137 
304 2910.34 1404.23 71.6271 752.905 1.69352 
305 2877.94 1378.83 70.6696 752.352 1.69567 
306 2845.85 1353.75 69.7194 751.734 1.69782 
307 2814.08 1329.02 68.7767 751.053 1.69996 
308 2782.65 1304.63 67.8415 750.31 1.7021 
309 2751.55 1280.58 66.914 749.506 1.70424 
310 2720.8 1256.89 65.9942 748.641 1.70637 
311 2690.4 1233.56 65.0823 747.717 1.70851 
312 2660.36 1210.59 64.1783 746.734 1.71064 
313 2630.69 1187.99 63.2823 745.694 1.71278 
314 2601.39 1165.77 62.3944 744.597 1.71492 
315 2572.47 1143.92 61.5146 743.445 1.71706 
316 2543.94 1122.46 60.6429 742.238 1.71921 
317 2515.8 1101.38 59.7796 740.979 1.72136 
318 2488.07 1080.7 58.9245 739.667 1.72351 
319 2460.74 1060.42 58.0778 738.305 1.72568 
320 2433.83 1040.54 57.2394 736.894 1.72785 
321 2407.34 1021.07 56.4095 735.434 1.73003 
322 2381.28 1002.01 55.588 733.928 1.73221 
323 2355.65 983.363 54.7751 732.376 1.73441 
324 2330.46 965.136 53.9706 730.78 1.73662 
325 2305.71 947.332 53.1746 729.142 1.73885 
326 2281.42 929.954 52.3872 727.462 1.74108 
327 2257.58 913.007 51.6083 725.743 1.74333 
328 2234.21 896.495 50.8379 723.987 1.7456 
329 2211.3 880.42 50.0761 722.194 1.74788 
330 2188.87 864.785 49.3228 720.366 1.75018 
331 2166.92 849.595 48.5779 718.505 1.7525 
332 2145.45 834.853 47.8416 716.613 1.75483 
333 2124.47 820.56 47.1136 714.691 1.75719 
334 2103.99 806.721 46.3941 712.742 1.75957 
335 2084.01 793.338 45.683 710.767 1.76197 
336 2064.53 780.413 44.9801 708.768 1.76439 
337 2045.57 767.949 44.2855 706.747 1.76684 
338 2027.11 755.949 43.5992 704.706 1.76931 
339 2009.18 744.414 42.9209 702.647 1.77181 
340 1991.77 733.347 42.2507 700.572 1.77434 
341 1974.88 722.749 41.5886 698.483 1.7769 
342 1958.53 712.623 40.9343 696.382 1.77948 
343 1942.72 702.971 40.2878 694.272 1.7821 
344 1927.44 693.793 39.649 692.155 1.78475 
345 1912.7 685.091 39.0178 690.032 1.78743 
346 1898.52 676.867 38.3941 687.907 1.79015 
347 1884.88 669.121 37.7778 685.781 1.7929 
348 1871.79 661.856 37.1688 683.658 1.79569 
349 1859.27 655.07 36.5669 681.539 1.79852 
350 1847.3 648.766 35.9719 679.427 1.80138 
351 1835.89 642.943 35.3838 677.325 1.80429 
352 1825.05 637.6 34.8026 675.232 1.80723 
353 1814.76 632.735 34.2283 673.151 1.81021 
354 1805.04 628.343 33.6609 671.082 1.81324 
355 1795.87 624.424 33.1004 669.026 1.8163 
356 1787.26 620.974 32.547 666.984 1.8194 
357 1779.2 617.99 32.0005 664.956 1.82254 
358 1771.69 615.468 31.461 662.944 1.82572 
359 1764.73 613.405 30.9285 660.949 1.82893 
360 1758.32 611.796 30.4031 658.97 1.83219 
361 1752.44 610.639 29.8847 657.01 1.83548 
362 1747.11 609.927 29.3734 655.069 1.83881 
363 1742.31 609.658 28.8691 653.148 1.84218 
364 1738.05 609.826 28.3718 651.248 1.84558 
365 1734.31 610.426 27.8815 649.37 1.84902 
366 1731.09 611.453 27.3983 647.514 1.8525 
367 1728.39 612.901 26.9221 645.682 1.85601 
368 1726.21 614.766 26.4529 643.875 1.85955 
369 1724.53 617.04 25.9906 642.093 1.86313 
370 1723.36 619.717 25.5353 640.337 1.86675 
371 1722.68 622.792 25.087 638.609 1.87039 
372 1722.5 626.257 24.6455 636.91 1.87407 
373 1722.8 630.106 24.2109 635.24 1.87778 
374 1723.58 634.332 23.7831 633.6 1.88153 
375 1724.83 638.926 23.3621 631.991 1.8853 
376 1726.54 643.882 22.9478 630.415 1.8891 
377 1728.72 649.192 22.5402 628.872 1.89293 
378 1731.34 654.847 22.1393 627.363 1.89679 
379 1734.4 660.838 21.7449 625.889 1.90068 
380 1737.9 667.158 21.3571 624.452 1.9046 
381 1741.83 673.797 20.9758 623.052 1.90854 
382 1746.17 680.747 20.6009 621.69 1.9125 
383 1750.92 687.996 20.2323 620.368 1.9165 
384 1756.06 695.537 19.8699 619.086 1.92051 
385 1761.6 703.359 19.5138 617.845 1.92455 
386 1767.51 711.451 19.1637 616.647 1.9286 
387 1773.79 719.803 18.8197 615.492 1.93268 
388 1780.43 728.404 18.4816 614.382 1.93678 
389 1787.42 737.243 18.1493 613.317 1.94089 
390 1794.74 746.31 17.8228 612.299 1.94503 
391 1802.39 755.591 17.5019 611.329 1.94917 
392 1810.35 765.075 17.1866 610.407 1.95334 
393 1818.61 774.75 16.8767 609.535 1.95751 
394 1827.16 784.603 16.5721 608.715 1.9617 
395 1835.98 794.622 16.2727 607.946 1.9659 
396 1845.07 804.794 15.9783 607.231 1.97011 
397 1854.4 815.105 15.689 606.57 1.97433 
398 1863.97 825.541 15.4044 605.964 1.97856 
399 1873.77 836.088 15.1245 605.415 1.98279 
400 1883.77 846.733 14.8492 604.923 1.98703 
401 1893.96 857.463 14.5783 604.49 1.99126 
402 1904.34 868.27 14.3118 604.115 1.99551 
403 1914.9 879.15 14.0498 603.799 1.99975 
404 1925.64 890.1 13.7921 603.541 2.00399 
405 1936.55 901.112 13.5387 603.341 2.00824 
406 1947.63 912.184 13.2898 603.199 2.01248 
407 1958.86 923.308 13.0451 603.115 2.01672 
408 1970.25 934.481 12.8049 603.087 2.02096 
409 1981.79 945.697 12.5689 603.116 2.0252 
410 1993.47 956.95 12.3372 603.202 2.02943 
411 2005.28 968.236 12.1098 603.344 2.03366 
412 2017.22 979.547 11.8867 603.542 2.03788 
413 2029.29 990.879 11.6678 603.795 2.04209 
414 2041.47 1002.23 11.4531 604.104 2.0463 
415 2053.75 1013.58 11.2425 604.466 2.0505 
416 2066.14 1024.94 11.0362 604.883 2.05469 
417 2078.62 1036.29 10.8339 605.354 2.05887 
418 2091.19 1047.64 10.6357 605.877 2.06304 
419 2103.84 1058.97 10.4416 606.454 2.06719 
420 2116.56 1070.27 10.2515 607.082 2.07134 
421 2129.34 1081.55 10.0653 607.761 2.07547 
422 2142.18 1092.79 9.88313 608.492 2.07958 
423 2155.06 1103.99 9.70482 609.273 2.08368 
424 2167.98 1115.14 9.53036 610.103 2.08776 
425 2180.94 1126.23 9.35971 610.982 2.09182 
426 2193.91 1137.26 9.19281 611.909 2.09586 
427 2206.9 1148.21 9.02962 612.884 2.09988 
428 2219.89 1159.09 8.87009 613.906 2.10388 
429 2232.87 1169.88 8.71416 614.974 2.10785 
430 2245.84 1180.58 8.56178 616.087 2.1118 
431 2258.79 1191.18 8.41288 617.244 2.11573 
432 2271.7 1201.67 8.26742 618.445 2.11963 
433 2284.57 1212.04 8.12534 619.688 2.1235 
434 2297.38 1222.28 7.98656 620.974 2.12734 
435 2310.13 1232.39 7.85102 622.3 2.13115 
436 2322.81 1242.36 7.71865 623.666 2.13492 
437 2335.4 1252.18 7.5894 625.071 2.13867 
438 2347.89 1261.84 7.46318 626.515 2.14237 
439 2360.28 1271.33 7.33992 627.995 2.14605 
440 2372.56 1280.65 7.21955 629.511 2.14968 
441 2384.7 1289.78 7.10199 631.062 2.15327 
442 2396.7 1298.71 6.98715 632.647 2.15683 
443 2408.56 1307.45 6.87497 634.264 2.16034 
444 2420.25 1315.97 6.76535 635.913 2.16381 
445 2431.76 1324.27 6.65821 637.593 2.16723 
446 2443.09 1332.33 6.55346 639.301 2.17061 
447 2454.22 1340.16 6.45101 641.037 2.17393 
448 2465.14 1347.73 6.35077 642.8 2.17721 
449 2475.84 1355.04 6.25265 644.589 2.18044 
450 2486.29 1362.08 6.15654 646.401 2.18361 
451 2496.5 1368.84 6.06236 648.237 2.18673 
452 2506.46 1375.33 5.97009 650.094 2.18979 
453 2516.17 1381.53 5.87972 651.972 2.19279 
454 2525.63 1387.45 5.79125 653.87 2.19575 
455 2534.83 1393.09 5.70465 655.788 2.19864 
456 2543.78 1398.45 5.61992 657.724 2.20148 
457 2552.48 1403.53 5.53705 659.678 2.20427 
458 2560.92 1408.34 5.45603 661.648 2.20699 
459 2569.1 1412.87 5.37684 663.633 2.20967 
460 2577.03 1417.12 5.29947 665.633 2.21228 
461 2584.7 1421.1 5.2239 667.647 2.21484 
462 2592.12 1424.81 5.15012 669.673 2.21735 
463 2599.28 1428.24 5.07812 671.711 2.2198 
464 2606.18 1431.4 5.00788 673.759 2.22219 
465 2612.83 1434.3 4.93938 675.817 2.22452 
466 2619.21 1436.92 4.8726 677.883 2.2268 
467 2625.34 1439.27 4.80753 679.956 2.22903 
468 2631.21 1441.36 4.74415 682.035 2.23119 
469 2636.82 1443.19 4.68243 684.119 2.2333 
470 2642.17 1444.75 4.62237 686.207 2.23535 
471 2647.26 1446.05 4.56393 688.297 2.23735 
472 2652.1 1447.09 4.5071 690.388 2.23929 
473 2656.67 1447.87 4.45185 692.479 2.24117 
474 2660.98 1448.4 4.39816 694.569 2.243 
475 2665.04 1448.67 4.34601 696.656 2.24477 
476 2668.84 1448.69 4.29537 698.74 2.24648 
477 2672.37 1448.45 4.24623 700.818 2.24814 
478 2675.65 1447.97 4.19854 702.89 2.24974 
479 2678.67 1447.25 4.15229 704.954 2.25128 
480 2681.43 1446.28 4.10745 707.009 2.25277 
481 2683.93 1445.07 4.06398 709.052 2.2542 
482 2686.18 1443.62 4.02188 711.084 2.25557 
483 2688.16 1441.93 3.98109 713.102 2.25689 
484 2689.9 1440.01 3.9416 715.105 2.25814 
485 2691.37 1437.85 3.90337 717.091 2.25935 
486 2692.59 1435.47 3.86636 719.059 2.26049 
487 2693.55 1432.86 3.83056 721.008 2.26158 
488 2694.26 1430.03 3.79592 722.935 2.26262 
489 2694.71 1426.98 3.76242 724.839 2.26359 
490 2694.91 1423.71 3.73001 726.719 2.26452 
491 2694.85 1420.23 3.69866 728.573 2.26538 
492 2694.55 1416.53 3.66833 730.399 2.26619 
493 2693.99 1412.63 3.63899 732.195 2.26694 
494 2693.18 1408.52 3.61061 733.961 2.26764 
495 2692.12 1404.21 3.58313 735.693 2.26828 
496 2690.82 1399.7 3.55653 737.391 2.26886 
497 2689.26 1395 3.53076 739.052 2.26939 
498 2687.46 1390.11 3.50578 740.675 2.26987 
499 2685.41 1385.03 3.48155 742.258 2.27029 
500 2683.12 1379.77 3.45802 743.799 2.27065 
501 2680.59 1374.33 3.43517 745.297 2.27096 
502 2677.81 1368.71 3.41298 746.75 2.27121 
503 2674.81 1362.92 3.39144 748.159 2.27141 
504 2671.57 1356.97 3.37056 749.523 2.27156 
505 2668.11 1350.86 3.35034 750.842 2.27166 
506 2664.43 1344.6 3.33076 752.115 2.2717 
507 2660.53 1338.19 3.31183 753.342 2.27169 
508 2656.42 1331.63 3.29354 754.522 2.27163 
509 2652.11 1324.94 3.27588 755.656 2.27152 
510 2647.6 1318.11 3.25887 756.743 2.27137 
511 2642.9 1311.16 3.24248 757.782 2.27117 
512 2638 1304.09 3.22672 758.774 2.27091 
513 2632.93 1296.91 3.21158 759.717 2.27062 
514 2627.67 1289.62 3.19706 760.612 2.27027 
515 2622.25 1282.22 3.18315 761.458 2.26989 
516 2616.66 1274.73 3.16985 762.255 2.26946 
517 2610.91 1267.15 3.15715 763.002 2.26898 
518 2605.01 1259.49 3.14505 763.699 2.26847 
519 2598.96 1251.76 3.13354 764.346 2.26791 
520 2592.77 1243.95 3.12262 764.942 2.26732 
521 2586.45 1236.08 3.11228 765.487 2.26668 
522 2580 1228.16 3.10251 765.98 2.26601 
523 2573.43 1220.19 3.09331 766.422 2.2653 
524 2566.74 1212.18 3.08468 766.811 2.26455 
525 2559.95 1204.13 3.0766 767.148 2.26377 
526 2553.06 1196.06 3.06906 767.433 2.26295 
527 2546.08 1187.96 3.06207 767.663 2.26211 
528 2539.01 1179.86 3.05562 767.841 2.26123 
529 2531.86 1171.75 3.04969 767.964 2.26031 
530 2524.64 1163.65 3.04428 768.033 2.25937 
531 2517.36 1155.56 3.03939 768.047 2.2584 
532 2510.02 1147.49 3.035 768.007 2.25741 
533 2502.64 1139.45 3.03111 767.911 2.25638 
534 2495.21 1131.44 3.0277 767.759 2.25533 
535 2487.76 1123.48 3.02478 767.551 2.25426 
536 2480.28 1115.58 3.02232 767.287 2.25316 
537 2472.78 1107.73 3.02033 766.965 2.25204 
538 2465.28 1099.96 3.0188 766.587 2.25091 
539 2457.78 1092.26 3.01771 766.151 2.24975 
540 2450.3 1084.66 3.01705 765.658 2.24857 
541 2442.83 1077.15 3.01682 765.106 2.24738 
542 2435.39 1069.75 3.017 764.495 2.24617 
543 2427.98 1062.47 3.0176 763.826 2.24495 
544 2420.63 1055.31 3.01858 763.098 2.24372 
545 2413.32 1048.28 3.01995 762.309 2.24247 
546 2406.09 1041.41 3.0217 761.461 2.24122 
547 2398.93 1034.68 3.02381 760.553 2.23995 
548 2391.85 1028.12 3.02628 759.584 2.23868 
549 2384.87 1021.74 3.02908 758.554 2.2374 
550 2377.99 1015.54 3.03222 757.462 2.23612 
551 2371.22 1009.53 3.03567 756.309 2.23484 
552 2364.57 1003.72 3.03945 755.095 2.23355 
553 2358.04 998.112 3.04354 753.82 2.23226 
554 2351.63 992.705 3.04795 752.485 2.23097 
555 2345.35 987.502 3.05267 751.091 2.22968 
556 2339.2 982.506 3.05771 749.638 2.22839 
557 2333.18 977.719 3.06306 748.127 2.2271 
558 2327.3 973.144 3.06872 746.558 2.22581 
559 2321.56 968.783 3.0747 744.932 2.22452 
560 2315.96 964.637 3.08098 743.249 2.22324 
561 2310.5 960.711 3.08758 741.511 2.22196 
562 2305.2 957.005 3.09448 739.718 2.22068 
563 2300.05 953.523 3.10169 737.871 2.2194 
564 2295.05 950.267 3.1092 735.97 2.21813 
565 2290.22 947.24 3.11701 734.016 2.21687 
566 2285.54 944.442 3.12513 732.01 2.21561 
567 2281.04 941.879 3.13355 729.953 2.21436 
568 2276.7 939.55 3.14227 727.845 2.21311 
569 2272.54 937.46 3.15128 725.687 2.21188 
570 2268.55 935.61 3.16059 723.48 2.21065 
571 2264.75 934.003 3.17019 721.225 2.20943 
572 2261.13 932.641 3.18008 718.922 2.20822 
573 2257.69 931.528 3.19027 716.573 2.20702 
574 2254.45 930.664 3.20074 714.178 2.20584 
575 2251.41 930.053 3.2115 711.738 2.20466 
576 2248.56 929.698 3.22254 709.254 2.2035 
577 2245.92 929.6 3.23386 706.727 2.20235 
578 2243.48 929.762 3.24547 704.158 2.20122 
579 2241.25 930.187 3.25735 701.548 2.2001 
580 2239.24 930.878 3.2695 698.897 2.19899 
581 2237.45 931.836 3.28193 696.207 2.1979 
582 2235.87 933.064 3.29463 693.478 2.19683 
583 2234.53 934.564 3.30759 690.712 2.19578 
584 2233.41 936.341 3.32082 687.91 2.19474 
585 2232.53 938.394 3.33432 685.072 2.19373 
586 2231.88 940.728 3.34807 682.2 2.19273 
587 2231.48 943.345 3.36208 679.295 2.19175 
588 2231.32 946.248 3.37635 676.357 2.1908 
589 2231.41 949.438 3.39086 673.389 2.18986 
590 2231.76 952.918 3.40563 670.39 2.18895 
591 2232.36 956.692 3.42064 667.363 2.18807 
592 2233.23 960.761 3.4359 664.307 2.1872 
593 2234.36 965.128 3.45139 661.225 2.18637 
594 2235.76 969.796 3.46712 658.118 2.18555 
595 2237.44 974.768 3.48309 654.986 2.18477 
596 2239.4 980.045 3.49928 651.831 2.18401 
597 2241.64 985.63 3.5157 648.654 2.18328 
598 2244.16 991.527 3.53235 645.457 2.18258 
599 2246.98 997.737 3.54921 642.24 2.18191 
600 2250.1 1004.26 3.56629 639.005 2.18127 
601 2253.51 1011.11 3.58358 635.754 2.18066 
602 2257.23 1018.27 3.60109 632.486 2.18008 
603 2261.24 1025.74 3.6188 629.203 2.17954 
604 2265.54 1033.52 3.63671 625.905 2.17902 
605 2270.13 1041.6 3.65482 622.594 2.17854 
606 2275 1049.97 3.67313 619.27 2.17808 
607 2280.16 1058.65 3.69163 615.934 2.17766 
608 2285.6 1067.61 3.71032 612.586 2.17726 
609 2291.31 1076.86 3.72919 609.229 2.1769 
610 2297.29 1086.39 3.74825 605.862 2.17656 
611 2303.55 1096.2 3.76748 602.487 2.17626 
612 2310.07 1106.28 3.78689 599.104 2.17598 
613 2316.85 1116.63 3.80647 595.714 2.17573 
614 2323.89 1127.24 3.82621 592.319 2.17551 
615 2331.18 1138.11 3.84612 588.918 2.17532 
616 2338.72 1149.23 3.86618 585.514 2.17516 
617 2346.51 1160.6 3.8864 582.107 2.17502 
618 2354.55 1172.21 3.90677 578.697 2.17491 
619 2362.82 1184.05 3.92728 575.287 2.17483 
620 2371.32 1196.13 3.94793 571.876 2.17477 
621 2380.06 1208.44 3.96872 568.467 2.17474 
622 2389.02 1220.97 3.98965 565.059 2.17473 
623 2398.2 1233.71 4.0107 561.654 2.17475 
624 2407.6 1246.66 4.03187 558.253 2.1748 
625 2417.21 1259.81 4.05316 554.857 2.17487 
626 2427.03 1273.17 4.07457 551.466 2.17496 
627 2437.05 1286.71 4.09608 548.083 2.17508 
628 2447.27 1300.44 4.1177 544.708 2.17522 
629 2457.68 1314.35 4.13942 541.342 2.17539 
630 2468.28 1328.44 4.16123 537.987 2.17557 
631 2479.07 1342.69 4.18313 534.642 2.17578 
632 2490.03 1357.1 4.20512 531.311 2.17601 
633 2501.17 1371.66 4.22718 527.992 2.17627 
634 2512.47 1386.38 4.24932 524.689 2.17654 
635 2523.94 1401.23 4.27152 521.401 2.17683 
636 2535.57 1416.22 4.29379 518.131 2.17714 
637 2547.34 1431.34 4.31611 514.878 2.17748 
638 2559.27 1446.57 4.33849 511.645 2.17783 
639 2571.33 1461.92 4.36091 508.432 2.1782 
640 2583.53 1477.38 4.38338 505.242 2.17858 
641 2595.86 1492.93 4.40587 502.074 2.17899 
642 2608.31 1508.57 4.4284 498.93 2.17941 
643 2620.87 1524.3 4.45095 495.812 2.17984 
644 2633.55 1540.11 4.47352 492.72 2.1803 
645 2646.34 1555.98 4.49609 489.656 2.18076 
646 2659.22 1571.92 4.51868 486.622 2.18124 
647 2672.2 1587.9 4.54126 483.618 2.18174 
648 2685.26 1603.94 4.56383 480.645 2.18225 
649 2698.41 1620.01 4.58639 477.706 2.18277 
650 2711.62 1636.11 4.60893 474.801 2.1833 
651 2724.9 1652.23 4.63144 471.932 2.18385 
652 2738.25 1668.36 4.65392 469.099 2.1844 
653 2751.65 1684.51 4.67637 466.301 2.18497 
654 2765.1 1700.66 4.69877 463.54 2.18554 
655 2778.59 1716.81 4.72113 460.816 2.18613 
656 2792.13 1732.95 4.74344 458.128 2.18672 
657 2805.7 1749.07 4.7657 455.477 2.18732 
658 2819.29 1765.18 4.78789 452.864 2.18793 
659 2832.91 1781.26 4.81003 450.287 2.18854 
660 2846.54 1797.31 4.83209 447.748 2.18916 
661 2860.18 1813.33 4.85408 445.246 2.18979 
662 2873.82 1829.3 4.87599 442.782 2.19042 
663 2887.46 1845.22 4.89781 440.356 2.19105 
664 2901.09 1861.08 4.91955 437.969 2.19169 
665 2914.71 1876.88 4.94119 435.619 2.19233 
666 2928.3 1892.61 4.96273 433.308 2.19297 
667 2941.87 1908.27 4.98416 431.036 2.19362 
668 2955.4 1923.84 5.00549 428.802 2.19426 
669 2968.89 1939.33 5.0267 426.607 2.1949 
670 2982.33 1954.72 5.04779 424.452 2.19555 
671 2995.72 1970 5.06875 422.335 2.19619 
672 3009.04 1985.18 5.08958 420.258 2.19682 
673 3022.3 2000.24 5.11027 418.221 2.19746 
674 3035.48 2015.18 5.13082 416.223 2.19809 
675 3048.57 2029.99 5.15122 414.265 2.19871 
676 3061.58 2044.66 5.17146 412.347 2.19933 
677 3074.49 2059.18 5.19154 410.47 2.19995 
678 3087.29 2073.55 5.21146 408.632 2.20055 
679 3099.99 2087.76 5.23121 406.835 2.20115 
680 3112.56 2101.81 5.25077 405.079 2.20174 
681 3125.01 2115.68 5.27016 403.363 2.20232 
682 3137.32 2129.37 5.28935 401.688 2.20289 
683 3149.49 2142.87 5.30834 400.054 2.20345 
684 3161.51 2156.17 5.32714 398.461 2.20399 
685 3173.37 2169.27 5.34572 396.91 2.20452 
686 3185.06 2182.15 5.36409 395.399 2.20504 
687 3196.58 2194.82 5.38223 393.93 2.20554 
688 3207.92 2207.25 5.40015 392.503 2.20603 
689 3219.07 2219.44 5.41784 391.117 2.2065 
690 3230.02 2231.4 5.43528 389.773 2.20695 
691 3240.77 2243.09 5.45248 388.471 2.20738 
692 3251.3 2254.53 5.46942 387.211 2.20779 
693 3261.61 2265.69 5.4861 385.993 2.20819 
694 3271.68 2276.58 5.50252 384.817 2.20856 
695 3281.51 2287.17 5.51866 383.684 2.2089 
696 3291.1 2297.48 5.53452 382.593 2.20923 
697 3300.42 2307.47 5.55009 381.544 2.20953 
698 3309.48 2317.16 5.56537 380.538 2.2098 
699 3318.26 2326.52 5.58034 379.575 2.21004 
700 3326.76 2335.55 5.59501 378.654 2.21026 
701 3334.97 2344.24 5.60936 377.777 2.21045 
702 3342.88 2352.59 5.6234 376.941 2.21061 
703 3350.49 2360.59 5.63711 376.148 2.21074 
704 3357.8 2368.26 5.6505 375.396 2.21084 
705 3364.82 2375.58 5.66357 374.685 2.21091 
706 3371.53 2382.56 5.67631 374.014 2.21096 
707 3377.95 2389.2 5.68872 373.383 2.21097 
708 3384.06 2395.49 5.7008 372.792 2.21095 
709 3389.86 2401.44 5.71255 372.239 2.2109 
710 3395.36 2407.04 5.72396 371.725 2.21082 
711 3400.56 2412.3 5.73503 371.249 2.21071 
712 3405.44 2417.21 5.74577 370.81 2.21057 
713 3410.02 2421.77 5.75616 370.408 2.2104 
714 3414.29 2425.99 5.76621 370.042 2.2102 
715 3418.24 2429.86 5.77591 369.712 2.20997 
716 3421.89 2433.38 5.78526 369.417 2.2097 
717 3425.22 2436.56 5.79427 369.156 2.2094 
718 3428.23 2439.39 5.80292 368.929 2.20908 
719 3430.93 2441.87 5.81121 368.735 2.20871 
720 3433.31 2444 5.81915 368.573 2.20832 
721 3435.37 2445.78 5.82673 368.444 2.2079 
722 3437.12 2447.21 5.83395 368.346 2.20744 
723 3438.54 2448.3 5.84081 368.278 2.20695 
724 3439.64 2449.03 5.8473 368.24 2.20643 
725 3440.42 2449.42 5.85342 368.232 2.20587 
726 3440.88 2449.46 5.85917 368.253 2.20528 
727 3441.01 2449.14 5.86455 368.301 2.20466 
728 3440.81 2448.48 5.86955 368.376 2.204 
729 3440.29 2447.47 5.87418 368.478 2.20331 
730 3439.44 2446.1 5.87843 368.606 2.20259 
731 3438.26 2444.39 5.8823 368.759 2.20183 
732 3436.75 2442.33 5.88579 368.936 2.20104 
733 3434.91 2439.92 5.88889 369.137 2.20021 
734 3432.74 2437.16 5.89161 369.361 2.19935 
735 3430.24 2434.05 5.89393 369.607 2.19846 
736 3427.4 2430.59 5.89587 369.874 2.19753 
737 3424.22 2426.78 5.89741 370.161 2.19656 
738 3420.72 2422.62 5.89855 370.468 2.19556 
739 3416.87 2418.11 5.8993 370.794 2.19452 
740 3412.68 2413.26 5.89965 371.138 2.19345 
741 3408.16 2408.05 5.89959 371.5 2.19234 
742 3403.3 2402.5 5.89913 371.877 2.1912 
743 3398.1 2396.6 5.89826 372.27 2.19002 
744 3392.55 2390.35 5.89699 372.678 2.1888 
745 3386.66 2383.75 5.8953 373.1 2.18755 
746 3380.43 2376.81 5.8932 373.535 2.18626 
747 3373.86 2369.52 5.89069 373.981 2.18493 
748 3366.94 2361.89 5.88776 374.439 2.18356 
749 3359.67 2353.91 5.88441 374.907 2.18216 
750 3352.06 2345.58 5.88063 375.384 2.18072 
751 3344.1 2336.91 5.87644 375.87 2.17924 
752 3335.8 2327.9 5.87182 376.363 2.17773 
753 3327.16 2318.55 5.86678 376.864 2.17617 
754 3318.19 2308.87 5.86133 377.372 2.17459 
755 3308.88 2298.87 5.85546 377.887 2.17296 
756 3299.25 2288.55 5.84917 378.407 2.1713 
757 3289.3 2277.92 5.84247 378.933 2.16961 
758 3279.03 2266.97 5.83537 379.463 2.16788 
759 3268.46 2255.72 5.82785 379.999 2.16611 
760 3257.58 2244.18 5.81993 380.538 2.16431 
761 3246.39 2232.34 5.81161 381.08 2.16248 
762 3234.91 2220.21 5.80288 381.625 2.16062 
763 3223.14 2207.81 5.79376 382.173 2.15872 
764 3211.09 2195.13 5.78424 382.722 2.1568 
765 3198.75 2182.17 5.77433 383.273 2.15484 
766 3186.14 2168.96 5.76403 383.825 2.15285 
767 3173.26 2155.49 5.75333 384.376 2.15083 
768 3160.11 2141.76 5.74225 384.927 2.14878 
769 3146.71 2127.79 5.73079 385.478 2.1467 
770 3133.05 2113.58 5.71895 386.026 2.1446 
771 3119.15 2099.14 5.70673 386.573 2.14246 
772 3105 2084.47 5.69413 387.117 2.1403 
773 3090.62 2069.58 5.68116 387.657 2.13812 
774 3076.01 2054.48 5.66782 388.194 2.1359 
775 3061.17 2039.17 5.65411 388.726 2.13366 
776 3046.12 2023.66 5.64004 389.253 2.1314 
777 3030.85 2007.96 5.62561 389.774 2.12911 
778 3015.38 1992.07 5.61082 390.289 2.1268 
779 2999.71 1976.01 5.59568 390.797 2.12446 
780 2983.84 1959.77 5.58018 391.297 2.12211 
781 2967.79 1943.36 5.56434 391.789 2.11973 
782 2951.56 1926.8 5.54815 392.272 2.11733 
783 2935.15 1910.08 5.53162 392.746 2.11491 
784 2918.57 1893.22 5.51475 393.209 2.11246 
785 2901.84 1876.23 5.49754 393.662 2.11 
786 2884.95 1859.1 5.48001 394.103 2.10753 
787 2867.91 1841.86 5.46214 394.532 2.10503 
788 2850.74 1824.5 5.44395 394.948 2.10251 
789 2833.43 1807.03 5.42544 395.35 2.09998 
790 2815.99 1789.47 5.40661 395.738 2.09744 
791 2798.43 1771.82 5.38747 396.111 2.09487 
792 2780.76 1754.08 5.36801 396.468 2.0923 
793 2762.99 1736.27 5.34825 396.809 2.08971 
794 2745.12 1718.4 5.32819 397.133 2.0871 
795 2727.16 1700.47 5.30783 397.439 2.08449 
796 2709.11 1682.48 5.28717 397.726 2.08186 
797 2691 1664.46 5.26623 397.994 2.07922 
798 2672.81 1646.4 5.24499 398.242 2.07657 
799 2654.56 1628.32 5.22347 398.469 2.07391 
800 2636.27 1610.23 5.20168 398.675 2.07125 
801 2617.92 1592.12 5.17961 398.858 2.06857 
802 2599.54 1574.02 5.15727 399.019 2.06589 
803 2581.12 1555.92 5.13466 399.158 2.0632 
804 2562.68 1537.82 5.11179 399.274 2.06051 
805 2544.21 1519.74 5.08867 399.369 2.0578 
806 2525.72 1501.67 5.06529 399.441 2.0551 
807 2507.22 1483.63 5.04166 399.491 2.05238 
808 2488.7 1465.61 5.01778 399.519 2.04967 
809 2470.19 1447.63 4.99366 399.525 2.04695 
810 2451.67 1429.68 4.96931 399.509 2.04422 
811 2433.16 1411.78 4.94472 399.471 2.04149 
812 2414.67 1393.92 4.91991 399.412 2.03876 
813 2396.19 1376.11 4.89487 399.33 2.03603 
814 2377.73 1358.36 4.86962 399.227 2.0333 
815 2359.31 1340.68 4.84415 399.102 2.03056 
816 2340.91 1323.06 4.81847 398.956 2.02783 
817 2322.56 1305.52 4.79259 398.788 2.02509 
818 2304.25 1288.05 4.76651 398.598 2.02236 
819 2285.99 1270.67 4.74023 398.388 2.01963 
820 2267.79 1253.38 4.71376 398.155 2.0169 
821 2249.66 1236.19 4.68711 397.902 2.01417 
822 2231.59 1219.09 4.66028 397.627 2.01144 
823 2213.59 1202.1 4.63327 397.331 2.00872 
824 2195.67 1185.23 4.6061 397.014 2.006 
825 2177.84 1168.47 4.57876 396.677 2.00329 
826 2160.11 1151.83 4.55126 396.318 2.00058 
827 2142.47 1135.33 4.52361 395.938 1.99788 
828 2124.93 1118.96 4.4958 395.538 1.99518 
829 2107.51 1102.73 4.46786 395.117 1.99249 
830 2090.2 1086.65 4.43978 394.675 1.98981 
831 2073.02 1070.72 4.41156 394.213 1.98713 
832 2055.96 1054.95 4.38322 393.731 1.98447 
833 2039.04 1039.35 4.35476 393.228 1.98181 
834 2022.27 1023.92 4.32618 392.705 1.97917 
835 2005.64 1008.66 4.29749 392.162 1.97653 
836 1989.17 993.593 4.2687 391.599 1.97391 
837 1972.85 978.712 4.23981 391.016 1.97129 
838 1956.71 964.028 4.21083 390.413 1.96869 
839 1940.75 949.546 4.18176 389.79 1.96611 
840 1924.96 935.274 4.15261 389.148 1.96353 
841 1909.36 921.218 4.12339 388.486 1.96097 
842 1893.96 907.383 4.0941 387.804 1.95843 
843 1878.77 893.778 4.06474 387.104 1.9559 
844 1863.78 880.407 4.03534 386.384 1.95339 
845 1849.01 867.279 4.00588 385.645 1.95089 
846 1834.46 854.4 3.97638 384.887 1.94842 
847 1820.14 841.776 3.94684 384.11 1.94596 
848 1806.06 829.414 3.91727 383.315 1.94352 
849 1792.23 817.321 3.88768 382.501 1.9411 
850 1778.65 805.505 3.85807 381.668 1.9387 
851 1765.33 793.97 3.82845 380.817 1.93632 
852 1752.27 782.718 3.79882 379.948 1.93396 
853 1739.46 771.748 3.76919 379.061 1.93162 
854 1726.92 761.06 3.73956 378.158 1.9293 
855 1714.64 750.653 3.70993 377.237 1.92701 
856 1702.62 740.526 3.6803 376.3 1.92473 
857 1690.86 730.679 3.65069 375.347 1.92248 
858 1679.36 721.112 3.62108 374.379 1.92025 
859 1668.12 711.824 3.59149 373.396 1.91804 
860 1657.14 702.815 3.56192 372.397 1.91585 
861 1646.43 694.083 3.53236 371.385 1.91368 
862 1635.97 685.628 3.50284 370.359 1.91153 
863 1625.78 677.449 3.47334 369.32 1.9094 
864 1615.84 669.547 3.44387 368.267 1.9073 
865 1606.17 661.919 3.41444 367.203 1.90521 
866 1596.76 654.565 3.38504 366.126 1.90315 
867 1587.6 647.486 3.35569 365.038 1.90111 
868 1578.71 640.678 3.32638 363.939 1.89909 
869 1570.08 634.143 3.29712 362.829 1.89709 
870 1561.71 627.879 3.26792 361.71 1.89511 
871 1553.6 621.886 3.23877 360.581 1.89315 
872 1545.76 616.162 3.20968 359.442 1.89121 
873 1538.17 610.706 3.18065 358.295 1.8893 
874 1530.84 605.518 3.15169 357.14 1.8874 
875 1523.77 600.598 3.12279 355.978 1.88553 
876 1516.96 595.942 3.09398 354.808 1.88368 
877 1510.41 591.552 3.06524 353.632 1.88184 
878 1504.12 587.426 3.03658 352.45 1.88003 
879 1498.09 583.562 3.00801 351.262 1.87824 
880 1492.32 579.961 2.97952 350.07 1.87648 
881 1486.8 576.62 2.95113 348.873 1.87473 
882 1481.55 573.539 2.92283 347.671 1.873 
883 1476.55 570.717 2.89464 346.467 1.87129 
884 1471.81 568.152 2.86655 345.26 1.86961 
885 1467.33 565.843 2.83857 344.05 1.86794 
886 1463.1 563.79 2.8107 342.839 1.8663 
887 1459.13 561.99 2.78294 341.627 1.86467 
888 1455.42 560.444 2.75531 340.414 1.86307 
889 1451.96 559.149 2.7278 339.201 1.86149 
890 1448.76 558.104 2.70042 337.988 1.85993 
891 1445.82 557.308 2.67317 336.777 1.85838 
892 1443.12 556.761 2.64606 335.568 1.85686 
893 1440.69 556.459 2.61908 334.36 1.85536 
894 1438.5 556.402 2.59226 333.156 1.85388 
895 1436.57 556.59 2.56558 331.955 1.85242 
896 1434.89 557.019 2.53905 330.759 1.85098 
897 1433.47 557.689 2.51268 329.567 1.84956 
898 1432.3 558.599 2.48647 328.38 1.84816 
899 1431.37 559.747 2.46043 327.2 1.84678 
900 1430.7 561.131 2.43456 326.026 1.84542 
901 1430.28 562.749 2.40886 324.859 1.84408 
902 1430.1 564.599 2.38334 323.699 1.84276 
903 1430.17 566.675 2.35799 322.548 1.84145 
904 1430.47 568.973 2.33282 321.404 1.84017 
905 1431.01 571.489 2.30783 320.269 1.8389 
906 1431.78 574.218 2.28301 319.142 1.83766 
907 1432.77 577.157 2.25837 318.023 1.83643 
908 1433.98 580.3 2.23392 316.914 1.83522 
909 1435.42 583.643 2.20964 315.813 1.83402 
910 1437.06 587.182 2.18554 314.722 1.83284 
911 1438.92 590.912 2.16162 313.641 1.83168 
912 1440.98 594.828 2.13789 312.569 1.83053 
913 1443.23 598.925 2.11434 311.508 1.8294 
914 1445.69 603.2 2.09097 310.457 1.82828 
915 1448.33 607.646 2.06778 309.417 1.82717 
916 1451.17 612.259 2.04478 308.388 1.82608 
917 1454.18 617.035 2.02197 307.369 1.82501 
918 1457.37 621.968 1.99934 306.363 1.82394 
919 1460.73 627.052 1.97689 305.368 1.82289 
920 1464.26 632.285 1.95463 304.384 1.82185 
921 1467.96 637.659 1.93257 303.413 1.82083 
922 1471.81 643.17 1.91068 302.455 1.81981 
923 1475.81 648.812 1.88899 301.509 1.8188 
924 1479.97 654.581 1.86749 300.576 1.81781 
925 1484.26 660.472 1.84617 299.657 1.81682 
926 1488.7 666.477 1.82505 298.751 1.81584 
927 1493.26 672.594 1.80412 297.859 1.81488 
928 1497.96 678.814 1.78337 296.981 1.81392 
929 1502.78 685.135 1.76283 296.117 1.81296 
930 1507.71 691.549 1.74247 295.268 1.81202 
931 1512.76 698.051 1.72231 294.434 1.81108 
932 1517.91 704.636 1.70234 293.615 1.81015 
933 1523.16 711.297 1.68256 292.812 1.80922 
934 1528.52 718.029 1.66298 292.024 1.8083 
935 1533.96 724.827 1.64359 291.252 1.80738 
936 1539.48 731.684 1.6244 290.497 1.80647 
937 1545.09 738.594 1.60541 289.759 1.80556 
938 1550.76 745.551 1.58661 289.037 1.80465 
939 1556.51 752.55 1.56801 288.333 1.80375 
940 1562.32 759.584 1.54961 287.646 1.80285 
941 1568.18 766.647 1.53141 286.977 1.80195 
942 1574.1 773.733 1.5134 286.326 1.80105 
943 1580.06 780.835 1.49559 285.693 1.80015 
944 1586.05 787.948 1.47799 285.079 1.79925 
945 1592.08 795.065 1.46058 284.484 1.79835 
946 1598.14 802.18 1.44338 283.909 1.79745 
947 1604.22 809.285 1.42637 283.353 1.79654 
948 1610.31 816.375 1.40957 282.817 1.79563 
949 1616.4 823.444 1.39296 282.301 1.79472 
950 1622.5 830.483 1.37656 281.806 1.79381 
951 1628.6 837.488 1.36037 281.331 1.79289 
952 1634.69 844.455 1.34437 280.878 1.79197 
953 1640.77 851.382 1.32858 280.444 1.79104 
954 1646.83 858.265 1.31298 280.031 1.7901 
955 1652.88 865.102 1.29759 279.639 1.78916 
956 1658.9 871.89 1.28239 279.266 1.78822 
957 1664.91 878.627 1.26739 278.913 1.78727 
958 1670.88 885.31 1.25258 278.579 1.78631 
959 1676.83 891.935 1.23797 278.265 1.78535 
960 1682.75 898.501 1.22355 277.97 1.78438 
961 1688.63 905.003 1.20933 277.693 1.7834 
962 1694.47 911.44 1.1953 277.436 1.78241 
963 1700.27 917.808 1.18146 277.197 1.78142 
964 1706.02 924.105 1.1678 276.976 1.78042 
965 1711.73 930.328 1.15434 276.774 1.77941 
966 1717.38 936.473 1.14106 276.589 1.7784 
967 1722.98 942.538 1.12797 276.422 1.77737 
968 1728.52 948.519 1.11507 276.273 1.77634 
969 1733.99 954.415 1.10235 276.14 1.7753 
970 1739.4 960.22 1.08981 276.025 1.77425 
971 1744.75 965.934 1.07745 275.926 1.77318 
972 1750.01 971.552 1.06527 275.844 1.77211 
973 1755.21 977.071 1.05327 275.778 1.77103 
974 1760.32 982.489 1.04145 275.728 1.76994 
975 1765.35 987.801 1.0298 275.695 1.76884 
976 1770.29 993.006 1.01833 275.676 1.76773 
977 1775.15 998.1 1.00703 275.673 1.7666 
978 1779.91 1003.08 0.995908 275.685 1.76547 
979 1784.57 1007.94 0.984952 275.712 1.76432 
980 1789.13 1012.68 0.974165 275.753 1.76316 
981 1793.58 1017.3 0.963547 275.809 1.76199 
982 1797.93 1021.79 0.953094 275.878 1.7608 
983 1802.16 1026.14 0.942806 275.962 1.75961 
984 1806.28 1030.37 0.932681 276.059 1.7584 
985 1810.28 1034.46 0.922719 276.169 1.75717 
986 1814.15 1038.4 0.912916 276.293 1.75593 
987 1817.9 1042.2 0.903272 276.428 1.75468 
988 1821.51 1045.86 0.893785 276.577 1.75342 
989 1824.99 1049.36 0.884454 276.737 1.75213 
990 1828.33 1052.71 0.875276 276.91 1.75084 
991 1831.52 1055.9 0.866251 277.094 1.74953 
992 1834.57 1058.93 0.857377 277.289 1.7482 
993 1837.46 1061.79 0.848651 277.496 1.74685 
994 1840.2 1064.48 0.840073 277.713 1.74549 
995 1842.78 1067.01 0.83164 277.94 1.74412 
996 1845.2 1069.35 0.823351 278.178 1.74272 
997 1847.45 1071.52 0.815204 278.426 1.74131 
998 1849.52 1073.5 0.807197 278.683 1.73988 
999 1851.42 1075.3 0.799329 278.949 1.73844 
1000 1853.14 1076.91 0.791598 279.224 1.73697 
1001 1854.67 1078.32 0.784002 279.508 1.73549 
1002 1856.02 1079.54 0.776539 279.8 1.73399 
1003 1857.19 1080.57 0.769209 280.101 1.73247 
1004 1858.18 1081.41 0.762012 280.408 1.73093 
1005 1858.98 1082.06 0.754945 280.723 1.72937 
1006 1859.61 1082.53 0.748007 281.045 1.7278 
1007 1860.05 1082.81 0.741199 281.373 1.7262 
1008 1860.33 1082.91 0.734518 281.708 1.72459 
1009 1860.42 1082.82 0.727964 282.048 1.72296 
1010 1860.34 1082.56 0.721535 282.394 1.72132 
1011 1860.09 1082.12 0.71523 282.745 1.71966 
1012 1859.67 1081.51 0.709049 283.1 1.71798 
1013 1859.07 1080.72 0.702989 283.46 1.71628 
1014 1858.31 1079.76 0.697051 283.824 1.71457 
1015 1857.37 1078.63 0.691232 284.191 1.71284 
1016 1856.27 1077.33 0.685532 284.562 1.71109 
1017 1855.01 1075.86 0.679949 284.935 1.70933 
1018 1853.58 1074.23 0.674482 285.311 1.70755 
1019 1851.99 1072.43 0.66913 285.689 1.70575 
1020 1850.24 1070.48 0.663892 286.068 1.70394 
1021 1848.32 1068.36 0.658766 286.449 1.70211 
1022 1846.25 1066.09 0.653751 286.831 1.70027 
1023 1844.02 1063.67 0.648846 287.213 1.69841 
1024 1841.64 1061.09 0.64405 287.595 1.69654 
1025 1839.1 1058.36 0.639361 287.976 1.69465 
1026 1836.41 1055.48 0.634778 288.357 1.69274 
1027 1833.57 1052.45 0.630299 288.737 1.69083 
1028 1830.58 1049.28 0.625923 289.115 1.68889 
1029 1827.44 1045.97 0.621649 289.491 1.68694 
1030 1824.15 1042.52 0.617476 289.864 1.68498 
1031 1820.72 1038.93 0.613402 290.234 1.68301 
1032 1817.14 1035.2 0.609425 290.601 1.68102 
1033 1813.43 1031.34 0.605544 290.965 1.67901 
1034 1809.57 1027.34 0.601758 291.324 1.677 
1035 1805.57 1023.22 0.598066 291.678 1.67497 
1036 1801.44 1018.97 0.594465 292.027 1.67292 
1037 1797.17 1014.6 0.590954 292.371 1.67087 
1038 1792.77 1010.1 0.587532 292.708 1.6688 
1039 1788.24 1005.49 0.584198 293.04 1.66672 
1040 1783.57 1000.75 0.580949 293.364 1.66462 
1041 1778.78 995.904 0.577784 293.68 1.66252 
1042 1773.86 990.941 0.574702 293.989 1.6604 
1043 1768.82 985.868 0.571701 294.29 1.65827 
1044 1763.65 980.687 0.568779 294.581 1.65612 
1045 1758.36 975.401 0.565935 294.864 1.65397 
1046 1752.95 970.011 0.563168 295.136 1.65181 
1047 1747.43 964.52 0.560474 295.398 1.64963 
1048 1741.78 958.932 0.557854 295.65 1.64744 
1049 1736.03 953.248 0.555305 295.89 1.64525 
1050 1730.16 947.471 0.552825 296.119 1.64304 
1051 1724.18 941.603 0.550414 296.335 1.64082 
1052 1718.1 935.649 0.54807 296.539 1.63859 
1053 1711.91 929.611 0.545793 296.73 1.63635 
1054 1705.62 923.492 0.543582 296.909 1.63411 
1055 1699.23 917.297 0.541437 297.076 1.63185 
1056 1692.75 911.028 0.539358 297.229 1.62959 
1057 1686.18 904.689 0.537345 297.37 1.62731 
1058 1679.53 898.284 0.535396 297.498 1.62503 
1059 1672.78 891.815 0.533511 297.613 1.62274 
1060 1665.96 885.287 0.531691 297.714 1.62044 
1061 1659.07 878.703 0.529933 297.803 1.61814 
1062 1652.1 872.067 0.528239 297.878 1.61583 
1063 1645.06 865.382 0.526607 297.939 1.61351 
1064 1637.95 858.652 0.525037 297.987 1.61119 
1065 1630.78 851.88 0.523528 298.021 1.60886 
1066 1623.55 845.071 0.52208 298.042 1.60653 
1067 1616.27 838.228 0.520693 298.048 1.60419 
1068 1608.94 831.354 0.519366 298.041 1.60184 
1069 1601.55 824.454 0.518098 298.019 1.59949 
1070 1594.13 817.532 0.516889 297.984 1.59714 
1071 1586.66 810.591 0.515738 297.933 1.59478 
1072 1579.16 803.635 0.514645 297.869 1.59242 
1073 1571.63 796.668 0.51361 297.79 1.59006 
1074 1564.06 789.694 0.512631 297.696 1.58769 
1075 1556.47 782.717 0.511708 297.588 1.58533 
1076 1548.86 775.741 0.510841 297.465 1.58296 
1077 1541.24 768.77 0.510029 297.326 1.58058 
1078 1533.6 761.808 0.509272 297.173 1.57821 
1079 1525.95 754.859 0.508569 297.005 1.57584 
1080 1518.3 747.928 0.507918 296.821 1.57346 
1081 1510.64 741.018 0.507321 296.621 1.57109 
1082 1502.99 734.133 0.506776 296.407 1.56871 
1083 1495.35 727.278 0.506283 296.176 1.56634 
1084 1487.72 720.457 0.50584 295.93 1.56397 
1085 1480.1 713.675 0.505448 295.668 1.5616 
1086 1472.5 706.934 0.505105 295.39 1.55923 
1087 1464.93 700.241 0.504812 295.096 1.55686 
1088 1457.38 693.599 0.504567 294.786 1.55449 
1089 1449.87 687.013 0.50437 294.459 1.55213 
1090 1442.4 680.486 0.50422 294.116 1.54977 
1091 1434.96 674.025 0.504117 293.757 1.54742 
1092 1427.58 667.632 0.504059 293.381 1.54507 
1093 1420.24 661.312 0.504047 292.988 1.54272 
1094 1412.96 655.07 0.50408 292.578 1.54038 
1095 1405.73 648.911 0.504156 292.151 1.53804 
1096 1398.57 642.839 0.504275 291.707 1.53571 
1097 1391.48 636.859 0.504438 291.246 1.53339 
1098 1384.46 630.975 0.504641 290.767 1.53107 
1099 1377.52 625.192 0.504886 290.271 1.52876 
1100 1370.65 619.515 0.505172 289.757 1.52646 
1101 1363.88 613.948 0.505497 289.226 1.52416 
1102 1357.19 608.493 0.505862 288.677 1.52188 
1103 1350.6 603.149 0.506266 288.111 1.5196 
1104 1344.09 597.919 0.506709 287.528 1.51733 
1105 1337.67 592.804 0.507192 286.928 1.51506 
1106 1331.35 587.804 0.507713 286.311 1.51281 
1107 1325.12 582.919 0.508272 285.678 1.51056 
1108 1318.99 578.152 0.50887 285.029 1.50832 
1109 1312.95 573.503 0.509506 284.364 1.5061 
1110 1307.02 568.974 0.51018 283.683 1.50387 
1111 1301.18 564.564 0.510892 282.987 1.50166 
1112 1295.45 560.275 0.511641 282.276 1.49946 
1113 1289.81 556.108 0.512428 281.549 1.49727 
1114 1284.28 552.064 0.513252 280.808 1.49508 
1115 1278.86 548.144 0.514112 280.053 1.4929 
1116 1273.54 544.349 0.515009 279.283 1.49074 
1117 1268.33 540.68 0.515943 278.5 1.48858 
1118 1263.23 537.137 0.516913 277.702 1.48643 
1119 1258.24 533.723 0.517919 276.891 1.48429 
1120 1253.36 530.437 0.51896 276.067 1.48216 
1121 1248.6 527.281 0.520037 275.231 1.48004 
1122 1243.95 524.256 0.521149 274.381 1.47794 
1123 1239.42 521.363 0.522296 273.519 1.47584 
1124 1235 518.602 0.523478 272.645 1.47375 
1125 1230.71 515.976 0.524695 271.759 1.47167 
1126 1226.53 513.484 0.525946 270.861 1.4696 
1127 1222.48 511.128 0.52723 269.952 1.46754 
1128 1218.55 508.909 0.528549 269.032 1.46549 
1129 1214.75 506.827 0.529901 268.101 1.46345 
1130 1211.07 504.885 0.531286 267.16 1.46142 
1131 1207.52 503.083 0.532704 266.208 1.4594 
1132 1204.1 501.421 0.534155 265.246 1.4574 
1133 1200.81 499.902 0.535639 264.275 1.4554 
1134 1197.66 498.525 0.537154 263.294 1.45341 
1135 1194.63 497.293 0.538702 262.305 1.45144 
1136 1191.75 496.206 0.540281 261.306 1.44948 
1137 1189 495.265 0.541891 260.299 1.44753 
1138 1186.39 494.471 0.543532 259.284 1.44558 
1139 1183.91 493.825 0.545204 258.261 1.44366 
1140 1181.59 493.329 0.546907 257.23 1.44174 
1141 1179.4 492.983 0.54864 256.192 1.43983 
1142 1177.36 492.788 0.550402 255.147 1.43794 
1143 1175.46 492.746 0.552195 254.096 1.43605 
1144 1173.71 492.858 0.554016 253.038 1.43418 
1145 1172.12 493.124 0.555867 251.973 1.43232 
1146 1170.67 493.545 0.557746 250.904 1.43048 
1147 1169.38 494.124 0.559654 249.828 1.42864 
1148 1168.23 494.86 0.561589 248.748 1.42682 
1149 1167.25 495.756 0.563553 247.663 1.42501 
1150 1166.42 496.811 0.565543 246.573 1.42321 
1151 1165.75 498.027 0.567561 245.479 1.42142 
1152 1165.24 499.401 0.569606 244.381 1.41965 
1153 1164.88 500.932 0.571677 243.28 1.41789 
1154 1164.68 502.618 0.573773 242.175 1.41614 
1155 1164.63 504.455 0.575895 241.067 1.4144 
1156 1164.72 506.441 0.578042 239.957 1.41268 
1157 1164.97 508.574 0.580213 238.844 1.41097 
1158 1165.35 510.852 0.582409 237.728 1.40926 
1159 1165.88 513.272 0.584628 236.611 1.40757 
1160 1166.56 515.832 0.58687 235.492 1.40589 
1161 1167.37 518.528 0.589134 234.371 1.40422 
1162 1168.31 521.359 0.591421 233.25 1.40257 
1163 1169.39 524.323 0.593729 232.127 1.40092 
1164 1170.61 527.416 0.596059 231.004 1.39928 
1165 1171.95 530.635 0.59841 229.881 1.39766 
1166 1173.42 533.98 0.60078 228.757 1.39604 
1167 1175.02 537.445 0.603171 227.634 1.39444 
1168 1176.74 541.03 0.60558 226.512 1.39284 
1169 1178.58 544.732 0.608009 225.39 1.39125 
1170 1180.54 548.547 0.610455 224.27 1.38968 
1171 1182.61 552.473 0.61292 223.151 1.38811 
1172 1184.8 556.508 0.615402 222.034 1.38655 
1173 1187.11 560.648 0.6179 220.919 1.385 
1174 1189.52 564.891 0.620415 219.806 1.38346 
1175 1192.04 569.234 0.622945 218.696 1.38193 
1176 1194.66 573.675 0.625491 217.589 1.3804 
1177 1197.39 578.209 0.628051 216.486 1.37889 
1178 1200.21 582.836 0.630626 215.386 1.37738 
1179 1203.13 587.55 0.633214 214.29 1.37588 
1180 1206.15 592.351 0.635815 213.198 1.37439 
1181 1209.26 597.235 0.638429 212.111 1.37291 
1182 1212.46 602.198 0.641055 211.029 1.37143 
1183 1215.75 607.239 0.643692 209.952 1.36996 
1184 1219.12 612.354 0.64634 208.881 1.3685 
1185 1222.58 617.539 0.648999 207.815 1.36704 
1186 1226.11 622.793 0.651667 206.756 1.36559 
1187 1229.72 628.111 0.654344 205.703 1.36415 
1188 1233.41 633.491 0.65703 204.657 1.36271 
1189 1237.17 638.931 0.659724 203.619 1.36128 
1190 1241 644.425 0.662426 202.588 1.35986 
1191 1244.89 649.973 0.665135 201.565 1.35844 
1192 1248.85 655.569 0.66785 200.55 1.35702 
1193 1252.87 661.212 0.67057 199.543 1.35562 
1194 1256.94 666.898 0.673296 198.546 1.35421 
1195 1261.08 672.623 0.676026 197.558 1.35281 
1196 1265.26 678.385 0.678761 196.579 1.35142 
1197 1269.5 684.181 0.681498 195.611 1.35003 
1198 1273.78 690.006 0.684239 194.653 1.34864 
1199 1278.11 695.858 0.686981 193.705 1.34726 
1200 1282.48 701.733 0.689726 192.769 1.34588 
1201 1286.88 707.628 0.692471 191.844 1.3445 
1202 1291.33 713.541 0.695216 190.93 1.34313 
1203 1295.8 719.468 0.697961 190.028 1.34176 
1204 1300.31 725.408 0.700705 189.137 1.34039 
1205 1304.85 731.356 0.703447 188.258 1.33903 
1206 1309.41 737.311 0.706188 187.39 1.33767 
1207 1313.99 743.27 0.708925 186.535 1.33631 
1208 1318.59 749.231 0.71166 185.69 1.33495 
1209 1323.21 755.189 0.71439 184.858 1.33359 
1210 1327.85 761.143 0.717115 184.037 1.33224 
1211 1332.49 767.091 0.719836 183.228 1.33089 
1212 1337.15 773.028 0.72255 182.43 1.32954 
1213 1341.81 778.952 0.725258 181.645 1.32819 
1214 1346.47 784.86 0.727958 180.871 1.32684 
1215 1351.13 790.75 0.730651 180.109 1.32549 
1216 1355.79 796.619 0.733335 179.359 1.32414 
1217 1360.44 802.463 0.73601 178.622 1.32279 
1218 1365.09 808.28 0.738675 177.896 1.32145 
1219 1369.72 814.067 0.741329 177.182 1.3201 
1220 1374.34 819.821 0.743972 176.48 1.31875 
1221 1378.94 825.538 0.746604 175.79 1.3174 
1222 1383.52 831.217 0.749222 175.112 1.31605 
1223 1388.08 836.853 0.751828 174.447 1.3147 
1224 1392.61 842.445 0.754419 173.794 1.31335 
1225 1397.11 847.988 0.756996 173.153 1.312 
1226 1401.58 853.479 0.759558 172.524 1.31064 
1227 1406.01 858.917 0.762103 171.907 1.30929 
1228 1410.4 864.297 0.764632 171.303 1.30793 
1229 1414.75 869.616 0.767143 170.711 1.30657 
1230 1419.05 874.871 0.769636 170.132 1.3052 
1231 1423.31 880.06 0.77211 169.565 1.30384 
1232 1427.51 885.179 0.774565 169.01 1.30247 
1233 1431.66 890.224 0.776999 168.468 1.3011 
1234 1435.75 895.193 0.779412 167.938 1.29972 
1235 1439.78 900.082 0.781804 167.421 1.29834 
1236 1443.74 904.888 0.784172 166.917 1.29696 
1237 1447.64 909.608 0.786518 166.425 1.29557 
1238 1451.46 914.239 0.788839 165.945 1.29418 
1239 1455.21 918.776 0.791136 165.479 1.29278 
1240 1458.88 923.217 0.793407 165.025 1.29138 
1241 1462.47 927.559 0.795652 164.584 1.28997 
1242 1465.97 931.798 0.797869 164.155 1.28856 
1243 1469.39 935.93 0.800059 163.739 1.28715 
1244 1472.71 939.953 0.80222 163.337 1.28572 
1245 1475.94 943.863 0.804352 162.947 1.28429 
1246 1479.07 947.656 0.806453 162.569 1.28286 
1247 1482.1 951.329 0.808524 162.205 1.28142 
1248 1485.02 954.878 0.810563 161.854 1.27997 
1249 1487.83 958.301 0.812569 161.516 1.27851 
1250 1490.53 961.592 0.814542 161.19 1.27705 
1251 1493.11 964.751 0.816481 160.878 1.27558 
1252 1495.58 967.775 0.818385 160.578 1.2741 
1253 1497.93 970.665 0.820255 160.292 1.27261 
1254 1500.16 973.42 0.822089 160.017 1.27112 
1255 1502.28 976.042 0.823888 159.755 1.26962 
1256 1504.27 978.529 0.825651 159.505 1.26811 
1257 1506.15 980.881 0.827378 159.267 1.26659 
1258 1507.91 983.1 0.829069 159.041 1.26507 
1259 1509.55 985.184 0.830723 158.826 1.26354 
1260 1511.07 987.133 0.832339 158.623 1.262 
1261 1512.47 988.949 0.833918 158.431 1.26045 
1262 1513.75 990.629 0.83546 158.25 1.2589 
1263 1514.9 992.176 0.836963 158.079 1.25734 
1264 1515.94 993.588 0.838428 157.92 1.25577 
1265 1516.86 994.865 0.839854 157.77 1.2542 
1266 1517.66 996.008 0.841241 157.631 1.25261 
1267 1518.33 997.017 0.842588 157.502 1.25102 
1268 1518.89 997.891 0.843896 157.383 1.24942 
1269 1519.32 998.631 0.845163 157.273 1.24782 
1270 1519.62 999.236 0.84639 157.172 1.24621 
1271 1519.81 999.707 0.847576 157.081 1.24459 
1272 1519.87 1000.04 0.848721 156.999 1.24296 
1273 1519.81 1000.25 0.849824 156.926 1.24132 
1274 1519.62 1000.31 0.850886 156.861 1.23968 
1275 1519.31 1000.25 0.851905 156.804 1.23803 
1276 1518.88 1000.05 0.852881 156.756 1.23638 
1277 1518.32 999.712 0.853815 156.715 1.23471 
1278 1517.64 999.243 0.854705 156.682 1.23304 
1279 1516.83 998.64 0.855551 156.657 1.23136 
1280 1515.89 997.903 0.856354 156.639 1.22968 
1281 1514.83 997.031 0.857112 156.628 1.22799 
1282 1513.64 996.026 0.857825 156.624 1.22629 
1283 1512.33 994.887 0.858493 156.626 1.22458 
1284 1510.89 993.613 0.859116 156.635 1.22287 
1285 1509.32 992.206 0.859692 156.65 1.22114 
1286 1507.62 990.665 0.860223 156.67 1.21942 
1287 1505.8 988.991 0.860707 156.697 1.21768 
1288 1503.85 987.182 0.861144 156.729 1.21594 
1289 1501.77 985.241 0.861533 156.766 1.21419 
1290 1499.56 983.165 0.861875 156.808 1.21243 
1291 1497.22 980.957 0.862169 156.855 1.21067 
1292 1494.75 978.615 0.862415 156.906 1.2089 
1293 1492.16 976.139 0.862611 156.962 1.20712 
1294 1489.43 973.531 0.862759 157.021 1.20534 
1295 1486.57 970.789 0.862857 157.085 1.20354 
1296 1483.59 967.915 0.862904 157.151 1.20175 
1297 1480.47 964.907 0.862902 157.222 1.19994 
1298 1477.22 961.767 0.862849 157.295 1.19813 
1299 1473.84 958.494 0.862745 157.371 1.19631 
1300 1470.33 955.089 0.862589 157.449 1.19448 
1301 1466.68 951.551 0.862381 157.53 1.19265 
1302 1462.91 947.883 0.862122 157.613 1.19081 
1303 1459.01 944.088 0.861811 157.698 1.18896 
1304 1454.98 940.166 0.861449 157.784 1.18711 
1305 1450.83 936.122 0.861036 157.873 1.18525 
1306 1446.56 931.956 0.860573 157.963 1.18339 
1307 1442.17 927.672 0.860058 158.054 1.18152 
1308 1437.66 923.271 0.859493 158.146 1.17964 
1309 1433.03 918.757 0.858878 158.239 1.17776 
1310 1428.29 914.13 0.858213 158.333 1.17587 
1311 1423.45 909.395 0.857498 158.428 1.17398 
1312 1418.49 904.553 0.856734 158.523 1.17208 
1313 1413.43 899.607 0.85592 158.618 1.17018 
1314 1408.26 894.559 0.855057 158.714 1.16827 
1315 1402.99 889.412 0.854146 158.81 1.16636 
1316 1397.63 884.168 0.853186 158.905 1.16444 
1317 1392.16 878.829 0.852177 159 1.16252 
1318 1386.6 873.399 0.85112 159.094 1.1606 
1319 1380.95 867.879 0.850016 159.188 1.15867 
1320 1375.2 862.273 0.848863 159.281 1.15674 
1321 1369.37 856.583 0.847664 159.373 1.1548 
1322 1363.46 850.811 0.846417 159.463 1.15287 
1323 1357.46 844.96 0.845123 159.552 1.15092 
1324 1351.38 839.033 0.843783 159.639 1.14898 
1325 1345.22 833.032 0.842396 159.725 1.14703 
1326 1338.98 826.96 0.840963 159.809 1.14508 
1327 1332.68 820.82 0.839484 159.89 1.14313 
1328 1326.3 814.614 0.83796 159.969 1.14117 
1329 1319.85 808.345 0.83639 160.045 1.13922 
1330 1313.33 802.017 0.834775 160.119 1.13726 
1331 1306.76 795.63 0.833115 160.19 1.1353 
1332 1300.12 789.189 0.831411 160.258 1.13333 
1333 1293.42 782.697 0.829662 160.322 1.13137 
1334 1286.67 776.155 0.82787 160.383 1.12941 
1335 1279.86 769.567 0.826033 160.44 1.12744 
1336 1273.01 762.935 0.824154 160.494 1.12548 
1337 1266.1 756.263 0.822231 160.543 1.12351 
1338 1259.15 749.554 0.820265 160.588 1.12154 
1339 1252.16 742.809 0.818257 160.628 1.11958 
1340 1245.12 736.033 0.816206 160.664 1.11761 
1341 1238.05 729.227 0.814113 160.695 1.11564 
1342 1230.94 722.396 0.811979 160.721 1.11368 
1343 1223.81 715.542 0.809803 160.742 1.11171 
1344 1216.64 708.667 0.807587 160.757 1.10975 
1345 1209.44 701.776 0.805329 160.766 1.10778 
1346 1202.22 694.87 0.803031 160.77 1.10582 
1347 1194.99 687.953 0.800693 160.767 1.10386 
1348 1187.73 681.029 0.798315 160.759 1.1019 
1349 1180.45 674.099 0.795897 160.743 1.09994 
1350 1173.17 667.168 0.79344 160.721 1.09799 
1351 1165.87 660.238 0.790944 160.692 1.09604 
1352 1158.56 653.311 0.78841 160.656 1.09409 
1353 1151.25 646.389 0.785838 160.614 1.09214 
1354 1143.94 639.473 0.783229 160.564 1.09019 
1355 1136.62 632.567 0.780583 160.508 1.08825 
1356 1129.3 625.671 0.7779 160.444 1.08631 
1357 1121.99 618.788 0.775182 160.374 1.08437 
1358 1114.68 611.92 0.772429 160.298 1.08244 
1359 1107.37 605.068 0.769641 160.214 1.08051 
1360 1100.07 598.235 0.766819 160.124 1.07858 
1361 1092.79 591.422 0.763963 160.027 1.07666 
1362 1085.51 584.631 0.761074 159.923 1.07474 
1363 1078.25 577.865 0.758153 159.813 1.07282 
1364 1071 571.126 0.7552 159.696 1.07091 
1365 1063.78 564.414 0.752216 159.572 1.069 
1366 1056.57 557.734 0.749201 159.442 1.06709 
1367 1049.39 551.085 0.746156 159.306 1.06519 
1368 1042.23 544.471 0.743082 159.162 1.0633 
1369 1035.09 537.894 0.739978 159.013 1.0614 
1370 1027.99 531.356 0.736846 158.857 1.05952 
1371 1020.92 524.858 0.733687 158.694 1.05763 
1372 1013.88 518.403 0.7305 158.525 1.05575 
1373 1006.87 511.992 0.727286 158.35 1.05388 
1374 999.906 505.629 0.724047 158.168 1.05201 
1375 992.979 499.315 0.720782 157.98 1.05015 
1376 986.095 493.052 0.717492 157.785 1.04829 
1377 979.254 486.843 0.714178 157.585 1.04643 
1378 972.46 480.689 0.710841 157.378 1.04459 
1379 965.715 474.593 0.707481 157.165 1.04274 
1380 959.021 468.556 0.704099 156.945 1.04091 
1381 952.38 462.582 0.700694 156.72 1.03907 
1382 945.795 456.672 0.697269 156.488 1.03725 
1383 939.268 450.829 0.693824 156.251 1.03543 
1384 932.8 445.054 0.690358 156.007 1.03361 
1385 926.396 439.35 0.686874 155.757 1.03181 
1386 920.056 433.719 0.683371 155.501 1.03001 
1387 913.784 428.164 0.679851 155.239 1.02821 
1388 907.581 422.687 0.676313 154.972 1.02642 
1389 901.451 417.289 0.672759 154.698 1.02464 
1390 895.394 411.974 0.669189 154.418 1.02287 
1391 889.415 406.743 0.665604 154.133 1.0211 
1392 883.514 401.6 0.662005 153.842 1.01934 
1393 877.696 396.545 0.658391 153.545 1.01758 
1394 871.961 391.582 0.654765 153.242 1.01584 
1395 866.313 386.713 0.651126 152.934 1.0141 
1396 860.753 381.94 0.647476 152.62 1.01237 
1397 855.286 377.266 0.643814 152.3 1.01065 
1398 849.912 372.693 0.640143 151.974 1.00893 
1399 844.634 368.223 0.636461 151.643 1.00722 
1400 839.456 363.859 0.632771 151.307 1.00552 
1401 834.378 359.603 0.629073 150.965 1.00383 
1402 829.402 355.454 0.625366 150.617 1.00215 
1403 824.527 351.413 0.621653 150.265 1.00048 
1404 819.753 347.48 0.617933 149.907 0.998809 
1405 815.08 343.653 0.614206 149.544 0.99715 
1406 810.508 339.932 0.610473 149.177 0.9955 
1407 806.036 336.318 0.606735 148.805 0.993858 
1408 801.665 332.81 0.602992 148.428 0.992224 
1409 797.393 329.406 0.599244 148.047 0.990598 
1410 793.222 326.108 0.595493 147.661 0.98898 
1411 789.151 322.914 0.591737 147.272 0.987369 
1412 785.18 319.825 0.587979 146.878 0.985767 
1413 781.308 316.839 0.584218 146.481 0.984173 
1414 777.536 313.957 0.580454 146.08 0.982586 
1415 773.863 311.178 0.576689 145.676 0.981007 
1416 770.289 308.501 0.572923 145.268 0.979436 
1417 766.814 305.926 0.569156 144.857 0.977873 
1418 763.437 303.454 0.565389 144.442 0.976317 
1419 760.159 301.082 0.561622 144.025 0.974769 
1420 756.98 298.812 0.557855 143.605 0.973229 
1421 753.898 296.642 0.55409 143.183 0.971697 
1422 750.914 294.572 0.550327 142.758 0.970171 
1423 748.028 292.602 0.546566 142.331 0.968654 
1424 745.24 290.731 0.542808 141.901 0.967144 
1425 742.549 288.959 0.539053 141.47 0.965641 
1426 739.955 287.285 0.535301 141.036 0.964146 
1427 737.457 285.71 0.531554 140.601 0.962658 
1428 735.057 284.231 0.527812 140.164 0.961178 
1429 732.753 282.85 0.524075 139.727 0.959704 
1430 730.545 281.565 0.520344 139.287 0.958238 
1431 728.433 280.376 0.516619 138.847 0.95678 
1432 726.417 279.282 0.512901 138.406 0.955328 
1433 724.496 278.284 0.50919 137.964 0.953884 
1434 722.671 277.38 0.505488 137.522 0.952446 
1435 720.941 276.571 0.501793 137.079 0.951016 
1436 719.305 275.855 0.498108 136.636 0.949593 
1437 717.765 275.232 0.494432 136.193 0.948176 
1438 716.318 274.702 0.490767 135.75 0.946767 
1439 714.966 274.263 0.487112 135.307 0.945364 
1440 713.707 273.917 0.483468 134.864 0.943969 
1441 712.542 273.662 0.479835 134.423 0.94258 
1442 711.47 273.497 0.476216 133.982 0.941197 
1443 710.492 273.422 0.472608 133.542 0.939822 
1444 709.606 273.437 0.469015 133.103 0.938453 
1445 708.812 273.541 0.465435 132.665 0.937091 
1446 708.111 273.733 0.46187 132.229 0.935735 
1447 707.502 274.013 0.458319 131.795 0.934386 
1448 706.984 274.381 0.454785 131.362 0.933043 
1449 706.558 274.836 0.451266 130.932 0.931707 
1450 706.223 275.376 0.447764 130.503 0.930377 
1451 705.979 276.003 0.44428 130.077 0.929053 
1452 705.824 276.713 0.440813 129.653 0.927736 
1453 705.756 277.506 0.437364 129.232 0.926424 
1454 705.774 278.379 0.433932 128.814 0.925119 
1455 705.876 279.331 0.430519 128.398 0.923819 
1456 706.061 280.359 0.427123 127.985 0.922525 
1457 706.326 281.463 0.423746 127.574 0.921237 
1458 706.67 282.64 0.420387 127.167 0.919954 
1459 707.091 283.889 0.417047 126.762 0.918677 
1460 707.588 285.207 0.413726 126.361 0.917405 
1461 708.158 286.593 0.410423 125.963 0.916138 
1462 708.8 288.045 0.407139 125.567 0.914876 
1463 709.512 289.561 0.403875 125.176 0.913619 
1464 710.292 291.14 0.400629 124.787 0.912366 
1465 711.139 292.778 0.397404 124.402 0.911119 
1466 712.051 294.475 0.394197 124.02 0.909876 
1467 713.025 296.229 0.391011 123.642 0.908637 
1468 714.06 298.037 0.387844 123.268 0.907403 
1469 715.155 299.898 0.384698 122.897 0.906172 
1470 716.306 301.81 0.381572 122.531 0.904946 
1471 717.513 303.771 0.378466 122.168 0.903723 
1472 718.774 305.778 0.375381 121.809 0.902505 
1473 720.086 307.83 0.372316 121.454 0.90129 
1474 721.447 309.925 0.369272 121.103 0.900078 
1475 722.856 312.061 0.36625 120.757 0.89887 
1476 724.312 314.236 0.363248 120.414 0.897665 
1477 725.81 316.447 0.360268 120.077 0.896463 
1478 727.351 318.693 0.357309 119.743 0.895264 
1479 728.932 320.972 0.354372 119.415 0.894068 
1480 730.55 323.282 0.351457 119.09 0.892874 
1481 732.205 325.62 0.348563 118.771 0.891684 
1482 733.894 327.985 0.345692 118.456 0.890495 
1483 735.614 330.374 0.342843 118.147 0.889309 
1484 737.364 332.786 0.340017 117.842 0.888125 
1485 739.142 335.217 0.337213 117.542 0.886943 
1486 740.946 337.667 0.334432 117.248 0.885762 
1487 742.774 340.133 0.331674 116.958 0.884584 
1488 744.623 342.612 0.328939 116.674 0.883407 
1489 746.492 345.103 0.326227 116.396 0.882231 
1490 748.379 347.604 0.323538 116.123 0.881057 
1491 750.281 350.112 0.320873 115.855 0.879884 
1492 752.196 352.624 0.318232 115.593 0.878711 
1493 754.122 355.14 0.315615 115.337 0.87754 
1494 756.058 357.656 0.313022 115.087 0.876369 
1495 758 360.171 0.310453 114.843 0.875199 
1496 759.947 362.682 0.307909 114.605 0.874029 
1497 761.896 365.187 0.305389 114.372 0.872859 
1498 763.846 367.683 0.302894 114.146 0.87169 
1499 765.793 370.169 0.300424 113.927 0.87052 
1500 767.737 372.641 0.297979 113.713 0.869351 
1501 769.675 375.099 0.295559 113.507 0.86818 
1502 771.605 377.54 0.293164 113.306 0.86701 
1503 773.527 379.964 0.290794 113.112 0.865839 
1504 775.439 382.37 0.288449 112.924 0.864667 
1505 777.34 384.757 0.28613 112.743 0.863495 
1506 779.229 387.123 0.283835 112.567 0.862322 
1507 781.105 389.468 0.281565 112.398 0.861148 
1508 782.967 391.79 0.279319 112.235 0.859974 
1509 784.814 394.09 0.277098 112.077 0.858798 
1510 786.644 396.365 0.274902 111.926 0.857622 
1511 788.456 398.614 0.27273 111.78 0.856445 
1512 790.25 400.837 0.270582 111.64 0.855267 
1513 792.023 403.033 0.268458 111.506 0.854088 
1514 793.775 405.199 0.266359 111.377 0.852908 
1515 795.505 407.337 0.264284 111.254 0.851727 
1516 797.211 409.443 0.262232 111.137 0.850545 
1517 798.892 411.518 0.260205 111.025 0.849361 
1518 800.547 413.56 0.258201 110.918 0.848176 
1519 802.175 415.568 0.256221 110.817 0.846989 
1520 803.774 417.542 0.254264 110.72 0.845802 
1521 805.344 419.479 0.252331 110.629 0.844612 
1522 806.883 421.379 0.250421 110.543 0.843421 
1523 808.389 423.24 0.248535 110.462 0.842229 
1524 809.862 425.063 0.246671 110.386 0.841035 
1525 811.3 426.844 0.244831 110.315 0.839839 
1526 812.703 428.585 0.243014 110.248 0.838641 
1527 814.068 430.282 0.241219 110.186 0.837442 
1528 815.395 431.936 0.239447 110.129 0.83624 
1529 816.682 433.545 0.237698 110.076 0.835037 
1530 817.928 435.107 0.235972 110.028 0.833831 
1531 819.132 436.623 0.234268 109.985 0.832624 
1532 820.292 438.09 0.232586 109.945 0.831414 
1533 821.407 439.507 0.230926 109.91 0.830202 
1534 822.476 440.874 0.229289 109.879 0.828988 
1535 823.497 442.189 0.227674 109.852 0.827771 
1536 824.47 443.451 0.22608 109.829 0.826552 
1537 825.392 444.658 0.224508 109.81 0.825331 
1538 826.263 445.811 0.222958 109.795 0.824107 
1539 827.081 446.906 0.221429 109.783 0.82288 
1540 827.845 447.945 0.219922 109.776 0.821651 
1541 828.553 448.924 0.218436 109.772 0.820419 
1542 829.205 449.843 0.216972 109.771 0.819184 
1543 829.798 450.7 0.215528 109.774 0.817947 
1544 830.331 451.496 0.214105 109.78 0.816706 
1545 830.804 452.227 0.212703 109.79 0.815462 
1546 831.214 452.893 0.211322 109.803 0.814216 
1547 831.561 453.494 0.209962 109.818 0.812966 
1548 831.842 454.027 0.208622 109.837 0.811713 
1549 832.057 454.491 0.207302 109.859 0.810457 
1550 832.204 454.885 0.206002 109.884 0.809197 
1551 832.282 455.209 0.204723 109.911 0.807934 
1552 832.291 455.461 0.203463 109.942 0.806668 
1553 832.231 455.645 0.202224 109.974 0.805398 
1554 832.104 455.758 0.201004 110.01 0.804125 
1555 831.909 455.804 0.199803 110.047 0.802849 
1556 831.648 455.781 0.198622 110.087 0.80157 
1557 831.32 455.691 0.197461 110.129 0.800288 
1558 830.926 455.534 0.196319 110.173 0.799002 
1559 830.466 455.312 0.195195 110.218 0.797714 
1560 829.942 455.024 0.194091 110.266 0.796423 
1561 829.353 454.671 0.193006 110.315 0.795129 
1562 828.701 454.255 0.191939 110.366 0.793832 
1563 827.985 453.775 0.190891 110.418 0.792532 
1564 827.206 453.233 0.189861 110.471 0.79123 
1565 826.365 452.628 0.18885 110.526 0.789925 
1566 825.462 451.963 0.187857 110.582 0.788617 
1567 824.498 451.237 0.186882 110.638 0.787307 
1568 823.473 450.451 0.185924 110.696 0.785995 
1569 822.387 449.606 0.184985 110.754 0.78468 
1570 821.243 448.702 0.184063 110.813 0.783363 
1571 820.039 447.741 0.183159 110.872 0.782043 
1572 818.776 446.723 0.182272 110.931 0.780721 
1573 817.456 445.649 0.181402 110.991 0.779398 
1574 816.078 444.519 0.18055 111.051 0.778071 
1575 814.643 443.334 0.179714 111.111 0.776743 
1576 813.152 442.095 0.178895 111.171 0.775413 
1577 811.605 440.803 0.178093 111.23 0.774081 
1578 810.002 439.459 0.177307 111.289 0.772747 
1579 808.346 438.062 0.176538 111.347 0.771412 
1580 806.635 436.614 0.175785 111.405 0.770074 
1581 804.871 435.117 0.175048 111.462 0.768735 
1582 803.054 433.569 0.174327 111.518 0.767395 
1583 801.184 431.973 0.173621 111.573 0.766052 
1584 799.263 430.329 0.172932 111.627 0.764709 
1585 797.291 428.637 0.172257 111.68 0.763363 
1586 795.269 426.899 0.171598 111.731 0.762017 
1587 793.196 425.116 0.170955 111.78 0.760669 
1588 791.074 423.287 0.170326 111.828 0.75932 
1589 788.904 421.415 0.169712 111.874 0.757969 
1590 786.685 419.499 0.169113 111.918 0.756618 
1591 784.419 417.54 0.168528 111.96 0.755266 
1592 782.107 415.541 0.167958 111.999 0.753912 
1593 779.748 413.5 0.167401 112.037 0.752558 
1594 777.343 411.419 0.166859 112.071 0.751203 
1595 774.894 409.299 0.166331 112.104 0.749847 
1596 772.401 407.14 0.165817 112.133 0.74849 
1597 769.863 404.944 0.165316 112.159 0.747133 
1598 767.283 402.712 0.164828 112.183 0.745775 
1599 764.661 400.443 0.164354 112.203 0.744416 
1600 761.996 398.139 0.163893 112.219 0.743057 
1601 759.291 395.802 0.163444 112.233 0.741698 
1602 756.546 393.431 0.163009 112.242 0.740338 
1603 753.763 391.029 0.162586 112.249 0.738978 
1604 750.942 388.596 0.162176 112.251 0.737618 
1605 748.085 386.134 0.161778 112.25 0.736258 
1606 745.194 383.645 0.161393 112.246 0.734898 
1607 742.269 381.128 0.161021 112.237 0.733538 
1608 739.313 378.587 0.16066 112.225 0.732177 
1609 736.325 376.022 0.160312 112.209 0.730817 
1610 733.308 373.434 0.159976 112.19 0.729458 
1611 730.263 370.825 0.159652 112.167 0.728098 
1612 727.191 368.196 0.15934 112.139 0.726739 
1613 724.093 365.549 0.15904 112.108 0.725381 
1614 720.972 362.884 0.158752 112.073 0.724023 
1615 717.827 360.203 0.158475 112.034 0.722665 
1616 714.662 357.508 0.15821 111.991 0.721309 
1617 711.476 354.799 0.157957 111.944 0.719952 
1618 708.271 352.079 0.157715 111.894 0.718597 
1619 705.049 349.348 0.157484 111.838 0.717243 
1620 701.811 346.609 0.157265 111.779 0.71589 
1621 698.558 343.861 0.157057 111.716 0.714537 
1622 695.293 341.107 0.156859 111.649 0.713186 
1623 692.015 338.349 0.156673 111.577 0.711836 
1624 688.727 335.587 0.156498 111.501 0.710487 
1625 685.43 332.823 0.156333 111.421 0.70914 
1626 682.126 330.058 0.156179 111.336 0.707794 
1627 678.816 327.294 0.156036 111.248 0.706449 
1628 675.501 324.533 0.155903 111.154 0.705106 
1629 672.182 321.775 0.155781 111.057 0.703765 
1630 668.862 319.022 0.155669 110.955 0.702425 
1631 665.542 316.276 0.155567 110.848 0.701087 
1632 662.222 313.538 0.155475 110.737 0.699751 
1633 658.906 310.81 0.155393 110.622 0.698417 
1634 655.593 308.092 0.155321 110.501 0.697085 
1635 652.286 305.387 0.155259 110.376 0.695756 
1636 648.987 302.697 0.155207 110.247 0.694428 
1637 645.695 300.021 0.155164 110.113 0.693102 
1638 642.414 297.363 0.15513 109.974 0.691779 
1639 639.145 294.723 0.155107 109.83 0.690459 
1640 635.888 292.104 0.155092 109.682 0.68914 
1641 632.647 289.506 0.155086 109.529 0.687825 
1642 629.421 286.931 0.15509 109.37 0.686512 
1643 626.214 284.381 0.155102 109.207 0.685202 
1644 623.025 281.857 0.155124 109.039 0.683894 
1645 619.858 279.361 0.155154 108.866 0.68259 
1646 616.712 276.894 0.155193 108.688 0.681289 
1647 613.591 274.459 0.15524 108.505 0.67999 
1648 610.496 272.055 0.155296 108.317 0.678695 
1649 607.427 269.686 0.15536 108.124 0.677403 
1650 604.388 267.353 0.155432 107.925 0.676114 
1651 601.378 265.057 0.155512 107.722 0.674829 
1652 598.4 262.798 0.1556 107.513 0.673547 
1653 595.453 260.577 0.155697 107.299 0.672269 
1654 592.537 258.395 0.155801 107.081 0.670994 
1655 589.654 256.252 0.155913 106.857 0.669722 
1656 586.804 254.148 0.156032 106.628 0.668455 
1657 583.987 252.083 0.15616 106.395 0.66719 
1658 581.204 250.058 0.156295 106.157 0.66593 
1659 578.455 248.073 0.156437 105.914 0.664672 
1660 575.741 246.128 0.156587 105.667 0.663419 
1661 573.062 244.225 0.156744 105.415 0.662169 
1662 570.419 242.363 0.156909 105.159 0.660923 
1663 567.813 240.542 0.157081 104.899 0.659681 
1664 565.243 238.764 0.15726 104.634 0.658442 
1665 562.711 237.028 0.157446 104.365 0.657207 
1666 560.216 235.334 0.157639 104.092 0.655976 
1667 557.76 233.684 0.157839 103.815 0.654749 
1668 555.343 232.077 0.158045 103.534 0.653525 
1669 552.965 230.514 0.158259 103.249 0.652306 
1670 550.627 228.995 0.158479 102.96 0.65109 
1671 548.33 227.521 0.158706 102.667 0.649878 
1672 546.073 226.092 0.158939 102.371 0.648671 
1673 543.858 224.708 0.159179 102.071 0.647467 
1674 541.685 223.37 0.159425 101.768 0.646267 
1675 539.555 222.078 0.159678 101.461 0.645071 
1676 537.468 220.833 0.159936 101.151 0.64388 
1677 535.424 219.634 0.160201 100.838 0.642692 
1678 533.425 218.483 0.160472 100.521 0.641509 
1679 531.47 217.38 0.160749 100.201 0.640329 
1680 529.56 216.324 0.161032 99.8786 0.639154 
1681 527.697 215.317 0.16132 99.5529 0.637983 
1682 525.879 214.359 0.161614 99.2244 0.636816 
1683 524.109 213.45 0.161914 98.8931 0.635654 
1684 522.386 212.59 0.16222 98.559 0.634496 
1685 520.711 211.781 0.16253 98.2223 0.633342 
1686 519.084 211.022 0.162847 97.8831 0.632192 
1687 517.506 210.313 0.163168 97.5414 0.631047 
1688 515.978 209.656 0.163495 97.1974 0.629906 
1689 514.501 209.051 0.163827 96.851 0.62877 
1690 513.074 208.497 0.164164 96.5025 0.627638 
1691 511.698 207.996 0.164506 96.1518 0.626511 
1692 510.374 207.547 0.164853 95.7991 0.625388 
1693 509.103 207.152 0.165204 95.4444 0.624269 
1694 507.885 206.81 0.16556 95.0879 0.623155 
1695 506.72 206.523 0.165921 94.7296 0.622046 
1696 505.609 206.289 0.166286 94.3696 0.620941 
1697 504.553 206.111 0.166656 94.008 0.619841 
1698 503.553 205.988 0.16703 93.6448 0.618746 
1699 502.608 205.92 0.167408 93.2803 0.617655 
1700 501.72 205.908 0.167791 92.9144 0.616569 
1701 500.888 205.953 0.168177 92.5472 0.615488 
1702 500.113 206.053 0.168568 92.1789 0.614411 
1703 499.394 206.208 0.168962 91.8095 0.613339 
1704 498.729 206.417 0.16936 91.4391 0.612272 
1705 498.119 206.68 0.169762 91.0678 0.611209 
1706 497.563 206.995 0.170167 90.6957 0.610151 
1707 497.059 207.361 0.170576 90.3228 0.609097 
1708 496.608 207.778 0.170988 89.9492 0.608048 
1709 496.208 208.246 0.171404 89.5751 0.607003 
1710 495.859 208.762 0.171823 89.2005 0.605962 
1711 495.56 209.327 0.172245 88.8255 0.604925 
1712 495.311 209.939 0.17267 88.4502 0.603893 
1713 495.11 210.598 0.173098 88.0746 0.602864 
1714 494.957 211.302 0.173529 87.6989 0.60184 
1715 494.852 212.052 0.173962 87.3232 0.60082 
1716 494.793 212.845 0.174398 86.9474 0.599804 
1717 494.779 213.682 0.174837 86.5719 0.598791 
1718 494.811 214.561 0.175278 86.1965 0.597783 
1719 494.887 215.482 0.175722 85.8214 0.596778 
1720 495.007 216.443 0.176168 85.4468 0.595777 
1721 495.169 217.444 0.176616 85.0726 0.59478 
1722 495.373 218.484 0.177066 84.699 0.593786 
1723 495.619 219.562 0.177519 84.326 0.592796 
1724 495.905 220.677 0.177973 83.9539 0.591809 
1725 496.231 221.828 0.178429 83.5825 0.590826 
1726 496.596 223.015 0.178886 83.2122 0.589846 
1727 496.999 224.236 0.179345 82.8428 0.588869 
1728 497.44 225.49 0.179806 82.4746 0.587896 
1729 497.917 226.777 0.180268 82.1076 0.586926 
1730 498.43 228.095 0.180731 81.742 0.585959 
1731 498.979 229.444 0.181196 81.3778 0.584995 
1732 499.561 230.823 0.181661 81.015 0.584035 
1733 500.177 232.231 0.182128 80.6539 0.583077 
1734 500.826 233.667 0.182595 80.2945 0.582122 
1735 501.506 235.129 0.183063 79.9369 0.58117 
1736 502.218 236.618 0.183532 79.5811 0.580221 
1737 502.96 238.132 0.184001 79.2274 0.579274 
1738 503.731 239.67 0.184471 78.8758 0.57833 
1739 504.531 241.231 0.184941 78.5263 0.577389 
1740 505.359 242.814 0.185411 78.1792 0.57645 
1741 506.213 244.418 0.185882 77.8344 0.575514 
1742 507.094 246.043 0.186352 77.4921 0.57458 
1743 508 247.687 0.186823 77.1524 0.573648 
1744 508.93 249.349 0.187293 76.8154 0.572719 
1745 509.884 251.029 0.187763 76.4812 0.571792 
1746 510.861 252.725 0.188232 76.1498 0.570867 
1747 511.86 254.436 0.188701 75.8215 0.569944 
1748 512.879 256.161 0.189169 75.4962 0.569023 
1749 513.919 257.9 0.189637 75.1741 0.568104 
1750 514.978 259.651 0.190104 74.8554 0.567187 
1751 516.056 261.413 0.190569 74.54 0.566272 
1752 517.15 263.185 0.191034 74.228 0.565358 
1753 518.262 264.967 0.191497 73.9194 0.564446 
1754 519.389 266.758 0.191959 73.6143 0.563536 
1755 520.53 268.555 0.19242 73.3126 0.562628 
1756 521.685 270.359 0.192879 73.0144 0.561721 
1757 522.853 272.169 0.193337 72.7197 0.560815 
1758 524.032 273.983 0.193793 72.4284 0.559911 
1759 525.222 275.801 0.194246 72.1406 0.559009 
1760 526.421 277.621 0.194698 71.8563 0.558108 
1761 527.629 279.443 0.195148 71.5756 0.557208 
1762 528.844 281.266 0.195596 71.2983 0.55631 
1763 530.066 283.088 0.196041 71.0246 0.555413 
1764 531.294 284.909 0.196484 70.7545 0.554517 
1765 532.526 286.727 0.196925 70.4879 0.553622 
1766 533.761 288.542 0.197363 70.2248 0.552728 
1767 534.999 290.352 0.197798 69.9654 0.551835 
1768 536.239 292.157 0.19823 69.7095 0.550944 
1769 537.479 293.956 0.198659 69.4573 0.550053 
1770 538.718 295.747 0.199085 69.2087 0.549163 
1771 539.955 297.529 0.199508 68.9637 0.548274 
1772 541.19 299.302 0.199928 68.7223 0.547386 
1773 542.421 301.064 0.200344 68.4846 0.546498 
1774 543.647 302.815 0.200756 68.2505 0.545611 
1775 544.867 304.552 0.201165 68.0201 0.544725 
1776 546.08 306.277 0.20157 67.7934 0.54384 
1777 547.285 307.986 0.201971 67.5704 0.542955 
1778 548.481 309.679 0.202368 67.3512 0.54207 
1779 549.666 311.356 0.202761 67.1356 0.541186 
1780 550.84 313.014 0.20315 66.9238 0.540302 
1781 552.002 314.653 0.203534 66.7157 0.539419 
1782 553.15 316.272 0.203913 66.5113 0.538536 
1783 554.283 317.87 0.204288 66.3107 0.537653 
1784 555.401 319.445 0.204658 66.1139 0.53677 
1785 556.502 320.997 0.205024 65.9209 0.535888 
1786 557.584 322.524 0.205384 65.7317 0.535005 
1787 558.648 324.026 0.205739 65.5463 0.534123 
1788 559.691 325.501 0.206089 65.3647 0.53324 
1789 560.713 326.948 0.206433 65.187 0.532357 
1790 561.712 328.365 0.206772 65.0131 0.531475 
1791 562.687 329.753 0.207105 64.8431 0.530592 
1792 563.638 331.11 0.207433 64.6769 0.529708 
1793 564.562 332.434 0.207754 64.5146 0.528825 
1794 565.46 333.724 0.208069 64.3562 0.527941 
1795 566.329 334.98 0.208379 64.2017 0.527056 
1796 567.168 336.2 0.208682 64.0512 0.526171 
1797 567.977 337.382 0.208978 63.9045 0.525286 
1798 568.754 338.527 0.209268 63.7618 0.524399 
1799 569.498 339.632 0.209551 63.623 0.523513 
1800 570.208 340.697 0.209828 63.4882 0.522625 
1801 570.882 341.721 0.210097 63.3574 0.521737 
1802 571.521 342.703 0.21036 63.2305 0.520847 
1803 572.124 343.643 0.210616 63.1075 0.519958 
1804 572.692 344.541 0.210864 62.9882 0.519067 
1805 573.223 345.397 0.211105 62.8727 0.518176 
1806 573.719 346.212 0.21134 62.761 0.517283 
1807 574.178 346.985 0.211567 62.6528 0.51639 
1808 574.601 347.716 0.211787 62.5483 0.515497 
1809 574.988 348.406 0.212 62.4473 0.514603 
1810 575.338 349.053 0.212205 62.3498 0.513707 
1811 575.652 349.659 0.212403 62.2556 0.512812 
1812 575.929 350.223 0.212594 62.1649 0.511915 
1813 576.169 350.744 0.212778 62.0775 0.511018 
1814 576.372 351.224 0.212954 61.9933 0.51012 
1815 576.538 351.662 0.213123 61.9123 0.509222 
1816 576.667 352.058 0.213284 61.8344 0.508323 
1817 576.758 352.412 0.213438 61.7597 0.507423 
1818 576.812 352.725 0.213584 61.6879 0.506523 
1819 576.829 352.995 0.213723 61.6191 0.505622 
1820 576.808 353.223 0.213854 61.5532 0.50472 
1821 576.749 353.409 0.213978 61.4901 0.503818 
1822 576.652 353.553 0.214094 61.4298 0.502915 
1823 576.517 353.655 0.214202 61.3723 0.502011 
1824 576.344 353.715 0.214303 61.3174 0.501107 
1825 576.133 353.732 0.214396 61.2651 0.500203 
1826 575.883 353.708 0.214481 61.2153 0.499298 
1827 575.595 353.642 0.214558 61.168 0.498392 
1828 575.268 353.533 0.214628 61.1232 0.497486 
1829 574.903 353.382 0.21469 61.0807 0.496579 
1830 574.499 353.189 0.214743 61.0404 0.495672 
1831 574.055 352.955 0.214789 61.0025 0.494764 
1832 573.573 352.677 0.214827 60.9666 0.493856 
1833 573.051 352.358 0.214856 60.9329 0.492947 
1834 572.49 351.997 0.214878 60.9012 0.492038 
1835 571.89 351.593 0.214892 60.8716 0.491128 
1836 571.25 351.147 0.214897 60.8438 0.490218 
1837 570.57 350.659 0.214895 60.8178 0.489307 
1838 569.85 350.128 0.214884 60.7937 0.488396 
1839 569.091 349.556 0.214865 60.7713 0.487484 
1840 568.291 348.941 0.214838 60.7505 0.486572 
1841 567.452 348.284 0.214802 60.7313 0.48566 
1842 566.572 347.585 0.214758 60.7137 0.484747 
1843 565.651 346.843 0.214706 60.6975 0.483834 
1844 564.69 346.059 0.214645 60.6827 0.48292 
1845 563.689 345.233 0.214576 60.6692 0.482006 
1846 562.646 344.365 0.214499 60.6569 0.481092 
1847 561.563 343.454 0.214413 60.6459 0.480177 
1848 560.439 342.501 0.214318 60.636 0.479262 
1849 559.273 341.506 0.214215 60.6272 0.478347 
1850 558.066 340.469 0.214104 60.6193 0.477431 
1851 556.818 339.389 0.213983 60.6124 0.476515 
1852 555.529 338.268 0.213855 60.6063 0.475599 
1853 554.2 337.106 0.213717 60.601 0.474682 
1854 552.832 335.903 0.213571 60.5965 0.473765 
1855 551.424 334.661 0.213416 60.5928 0.472848 
1856 549.978 333.38 0.213253 60.5896 0.471931 
1857 548.494 332.061 0.213082 60.5871 0.471013 
1858 546.973 330.704 0.212902 60.5852 0.470096 
1859 545.415 329.31 0.212713 60.5837 0.469178 
1860 543.821 327.88 0.212516 60.5827 0.46826 
1861 542.192 326.414 0.212311 60.5821 0.467343 
1862 540.528 324.914 0.212097 60.5818 0.466425 
1863 538.83 323.379 0.211875 60.5819 0.465507 
1864 537.098 321.811 0.211645 60.5821 0.464589 
1865 535.333 320.21 0.211406 60.5825 0.463671 
1866 533.537 318.578 0.211159 60.5831 0.462753 
1867 531.708 316.913 0.210904 60.5837 0.461836 
1868 529.849 315.219 0.210641 60.5844 0.460918 
1869 527.959 313.494 0.21037 60.585 0.46 
1870 526.039 311.74 0.21009 60.5855 0.459083 
1871 524.091 309.958 0.209802 60.5858 0.458166 
1872 522.114 308.148 0.209506 60.5859 0.457249 
1873 520.109 306.311 0.209202 60.5858 0.456332 
1874 518.077 304.448 0.20889 60.5854 0.455416 
1875 516.019 302.559 0.20857 60.5845 0.4545 
1876 513.934 300.645 0.208242 60.5833 0.453584 
1877 511.825 298.708 0.207906 60.5815 0.452669 
1878 509.691 296.747 0.207562 60.5792 0.451754 
1879 507.533 294.763 0.20721 60.5763 0.450839 
1880 505.353 292.758 0.206851 60.5727 0.449925 
1881 503.149 290.732 0.206483 60.5684 0.449011 
1882 500.924 288.685 0.206108 60.5633 0.448097 
1883 498.678 286.619 0.205724 60.5574 0.447185 
1884 496.411 284.534 0.205334 60.5506 0.446272 
1885 494.125 282.431 0.204935 60.5428 0.445361 
1886 491.82 280.311 0.204528 60.534 0.444449 
1887 489.496 278.175 0.204114 60.5241 0.443539 
1888 487.154 276.023 0.203693 60.513 0.442629 
1889 484.796 273.856 0.203263 60.5008 0.44172 
1890 482.421 271.675 0.202827 60.4873 0.440811 
1891 480.031 269.481 0.202382 60.4725 0.439903 
1892 477.626 267.274 0.20193 60.4563 0.438996 
1893 475.207 265.056 0.201471 60.4387 0.43809 
1894 472.775 262.826 0.201004 60.4195 0.437185 
1895 470.329 260.587 0.20053 60.3988 0.43628 
1896 467.872 258.338 0.200048 60.3765 0.435376 
1897 465.404 256.081 0.199559 60.3525 0.434474 
1898 462.924 253.817 0.199062 60.3267 0.433572 
1899 460.436 251.545 0.198559 60.2991 0.432671 
1900 457.938 249.267 0.198048 60.2697 0.431771 
1901 455.432 246.985 0.19753 60.2383 0.430872 
1902 452.918 244.698 0.197004 60.2049 0.429974 
1903 450.398 242.407 0.196472 60.1697 0.429077 
1904 447.872 240.114 0.195933 60.1325 0.428181 
1905 445.341 237.819 0.195387 60.0934 0.427287 
1906 442.806 235.523 0.194835 60.0525 0.426394 
1907 440.268 233.226 0.194276 60.0096 0.425502 
1908 437.728 230.931 0.19371 59.9649 0.424612 
1909 435.187 228.637 0.193139 59.9182 0.423723 
1910 432.645 226.345 0.192561 59.8698 0.422836 
1911 430.104 224.057 0.191978 59.8194 0.42195 
1912 427.564 221.773 0.191388 59.7673 0.421066 
1913 425.027 219.493 0.190793 59.7133 0.420183 
1914 422.492 217.22 0.190192 59.6574 0.419303 
1915 419.962 214.953 0.189586 59.5998 0.418424 
1916 417.437 212.694 0.188975 59.5404 0.417547 
1917 414.917 210.443 0.188358 59.4791 0.416672 
1918 412.405 208.202 0.187736 59.4161 0.415799 
1919 409.9 205.971 0.18711 59.3513 0.414928 
1920 407.404 203.751 0.186478 59.2847 0.414059 
1921 404.918 201.543 0.185842 59.2163 0.413192 
1922 402.442 199.348 0.185201 59.1462 0.412328 
1923 399.978 197.167 0.184556 59.0744 0.411465 
1924 397.526 195 0.183907 59.0009 0.410605 
1925 395.088 192.849 0.183254 58.9256 0.409748 
1926 392.664 190.715 0.182596 58.8486 0.408893 
1927 390.256 188.598 0.181935 58.7699 0.408041 
1928 387.864 186.499 0.18127 58.6895 0.407191 
1929 385.489 184.42 0.180602 58.6075 0.406344 
1930 383.132 182.361 0.17993 58.5238 0.405499 
1931 380.795 180.323 0.179255 58.4384 0.404657 
1932 378.478 178.308 0.178576 58.3513 0.403819 
1933 376.182 176.315 0.177895 58.2627 0.402983 
1934 373.908 174.346 0.177211 58.1724 0.40215 
1935 371.657 172.402 0.176524 58.0805 0.40132 
1936 369.43 170.484 0.175835 57.9869 0.400493 
1937 367.229 168.593 0.175143 57.8918 0.399669 
1938 365.054 166.73 0.174449 57.7951 0.398849 
1939 362.905 164.895 0.173753 57.6968 0.398032 
1940 360.785 163.09 0.173054 57.597 0.397218 
1941 358.694 161.315 0.172354 57.4956 0.396408 
1942 356.634 159.573 0.171652 57.3926 0.395601 
1943 354.604 157.862 0.170949 57.2882 0.394797 
1944 352.607 156.186 0.170244 57.1822 0.393998 
1945 350.643 154.543 0.169538 57.0747 0.393201 
1946 348.713 152.937 0.168831 56.9656 0.392409 
1947 346.818 151.367 0.168123 56.8552 0.391621 
1948 344.96 149.834 0.167414 56.7432 0.390836 
1949 343.139 148.34 0.166705 56.6297 0.390055 
1950 341.357 146.886 0.165995 56.5149 0.389279 
1951 339.614 145.471 0.165285 56.3985 0.388506 
1952 337.909 144.097 0.164574 56.2808 0.387737 
1953 336.243 142.761 0.163863 56.1616 0.386972 
1954 334.613 141.464 0.163151 56.0411 0.386211 
1955 333.02 140.204 0.162439 55.9191 0.385454 
1956 331.463 138.981 0.161727 55.7959 0.3847 
1957 329.941 137.794 0.161014 55.6713 0.383949 
1958 328.453 136.642 0.1603 55.5454 0.383202 
1959 326.999 135.524 0.159586 55.4182 0.382458 
1960 325.577 134.441 0.158872 55.2897 0.381717 
1961 324.187 133.39 0.158157 55.16 0.380979 
1962 322.828 132.371 0.157441 55.029 0.380244 
1963 321.5 131.384 0.156724 54.8969 0.379512 
1964 320.201 130.427 0.156007 54.7635 0.378782 
1965 318.931 129.5 0.155289 54.629 0.378055 
1966 317.689 128.602 0.154571 54.4933 0.37733 
1967 316.473 127.732 0.153852 54.3565 0.376607 
1968 315.285 126.89 0.153131 54.2185 0.375887 
1969 314.122 126.074 0.152411 54.0795 0.375169 
1970 312.983 125.284 0.151689 53.9394 0.374452 
1971 311.869 124.519 0.150966 53.7983 0.373738 
1972 310.778 123.778 0.150243 53.6561 0.373025 
1973 309.709 123.06 0.149518 53.5129 0.372313 
1974 308.661 122.365 0.148793 53.3687 0.371604 
1975 307.634 121.692 0.148067 53.2235 0.370895 
1976 306.627 121.039 0.14734 53.0774 0.370188 
1977 305.639 120.407 0.146611 52.9304 0.369481 
1978 304.67 119.794 0.145882 52.7824 0.368776 
1979 303.717 119.199 0.145151 52.6336 0.368072 
1980 302.781 118.621 0.14442 52.4839 0.367368 
1981 301.861 118.061 0.143687 52.3334 0.366665 
1982 300.956 117.516 0.142953 52.182 0.365962 
1983 300.064 116.986 0.142218 52.0299 0.36526 
1984 299.186 116.47 0.141482 51.8769 0.364558 
1985 298.319 115.968 0.140745 51.7232 0.363856 
1986 297.465 115.478 0.140006 51.5688 0.363154 
1987 296.62 114.999 0.139266 51.4136 0.362452 
1988 295.786 114.531 0.138524 51.2578 0.36175 
1989 294.96 114.073 0.137782 51.1013 0.361047 
1990 294.142 113.624 0.137038 50.9441 0.360344 
1991 293.331 113.183 0.136292 50.7863 0.35964 
1992 292.526 112.749 0.135545 50.6279 0.358935 
1993 291.726 112.321 0.134797 50.469 0.35823 
1994 290.931 111.899 0.134047 50.3094 0.357523 
1995 290.139 111.481 0.133295 50.1494 0.356815 
1996 289.35 111.067 0.132542 49.9888 0.356106 
1997 288.562 110.655 0.131787 49.8277 0.355396 
1998 287.775 110.245 0.131031 49.6662 0.354684 
1999 286.988 109.836 0.130273 49.5042 0.35397 
2000 286.2 109.427 0.129513 49.3418 0.353254 
