2 555.536 
3 503.836 
4 471.499 
5 454.956 
6 449.443 
7 451.716 
8 459.66 
9 471.691 
10 487.407 
11 505.495 
12 525.821 
13 547.549 
14 570.959 
15 595.88 
16 621.243 
17 647.25 
18 674.329 
19 702.547 
20 731.513 
21 760.564 
22 789.712 
23 819.12 
24 848.849 
25 878.838 
26 908.95 
27 939.205 
28 969.627 
29 1000.17 
30 1030.73 
31 1061.14 
32 1091.44 
33 1121.7 
34 1151.99 
35 1182.34 
36 1212.78 
37 1243.31 
38 1273.88 
39 1304.44 
40 1334.9 
41 1365.14 
42 1395.18 
43 1425.05 
44 1454.79 
45 1484.4 
46 1513.93 
47 1543.37 
48 1572.73 
49 1602.01 
50 1631.18 
51 1660.25 
52 1689.21 
53 1718.09 
54 1746.9 
55 1775.67 
56 1804.39 
57 1833.07 
58 1861.72 
59 1890.31 
60 1918.84 
61 1947.29 
62 1975.68 
63 2004.02 
64 2032.32 
65 2060.59 
66 2088.86 
67 2117.11 
68 2145.37 
69 2173.62 
70 2201.87 
71 2230.11 
72 2258.35 
73 2286.61 
74 2314.9 
75 2343.22 
76 2371.57 
77 2399.97 
78 2428.41 
79 2456.9 
80 2485.43 
81 2513.99 
82 2542.6 
83 2571.26 
84 2599.99 
85 2628.77 
86 2657.63 
87 2686.56 
88 2715.57 
89 2744.64 
90 2773.79 
91 2803 
92 2832.28 
93 2861.64 
94 2891.07 
95 2920.58 
96 2950.16 
97 2979.81 
98 3009.54 
99 3039.32 
100 3069.17 
101 3099.06 
102 3129.01 
103 3159.01 
104 3189.07 
105 3219.18 
106 3249.36 
107 3279.6 
108 3309.9 
109 3340.26 
110 3370.67 
111 3401.14 
112 3431.65 
113 3462.21 
114 3492.8 
115 3523.42 
116 3554.05 
117 3584.7 
118 3615.34 
119 3645.97 
120 3676.57 
121 3707.13 
122 3737.64 
123 3768.1 
124 3798.51 
125 3828.86 
126 3859.16 
127 3889.38 
128 3919.53 
129 3949.61 
130 3979.6 
131 4009.49 
132 4039.29 
133 4068.97 
134 4098.54 
135 4127.97 
136 4157.26 
137 4186.41 
138 4215.38 
139 4244.18 
140 4272.79 
141 4301.2 
142 4329.39 
143 4357.36 
144 4385.11 
145 4412.62 
146 4439.89 
147 4466.91 
148 4493.67 
149 4520.17 
150 4546.39 
151 4572.32 
152 4597.96 
153 4623.3 
154 4648.32 
155 4673.01 
156 4697.36 
157 4721.36 
158 4745 
159 4768.26 
160 4791.13 
161 4813.59 
162 4835.65 
163 4857.29 
164 4878.5 
165 4899.29 
166 4919.63 
167 4939.52 
168 4958.97 
169 4977.95 
170 4996.46 
171 5014.49 
172 5032.03 
173 5049.08 
174 5065.63 
175 5081.67 
176 5097.18 
177 5112.17 
178 5126.62 
179 5140.52 
180 5153.86 
181 5166.64 
182 5178.84 
183 5190.47 
184 5201.52 
185 5211.99 
186 5221.87 
187 5231.15 
188 5239.83 
189 5247.91 
190 5255.39 
191 5262.26 
192 5268.51 
193 5274.14 
194 5279.15 
195 5283.53 
196 5287.29 
197 5290.4 
198 5292.88 
199 5294.72 
200 5295.92 
201 5296.46 
202 5296.36 
203 5295.6 
204 5294.2 
205 5292.15 
206 5289.45 
207 5286.1 
208 5282.1 
209 5277.46 
210 5272.18 
211 5266.25 
212 5259.68 
213 5252.47 
214 5244.62 
215 5236.14 
216 5227.02 
217 5217.28 
218 5206.9 
219 5195.91 
220 5184.29 
221 5172.05 
222 5159.2 
223 5145.75 
224 5131.68 
225 5117.02 
226 5101.76 
227 5085.91 
228 5069.48 
229 5052.46 
230 5034.88 
231 5016.72 
232 4998.01 
233 4978.75 
234 4958.94 
235 4938.59 
236 4917.72 
237 4896.32 
238 4874.41 
239 4852 
240 4829.09 
241 4805.7 
242 4781.82 
243 4757.49 
244 4732.69 
245 4707.45 
246 4681.77 
247 4655.67 
248 4629.15 
249 4602.24 
250 4574.93 
251 4547.24 
252 4519.19 
253 4490.77 
254 4462.01 
255 4432.91 
256 4403.48 
257 4373.73 
258 4343.67 
259 4313.32 
260 4282.68 
261 4251.78 
262 4220.61 
263 4189.18 
264 4157.53 
265 4125.64 
266 4093.55 
267 4061.25 
268 4028.77 
269 3996.12 
270 3963.3 
271 3930.34 
272 3897.25 
273 3864.04 
274 3830.72 
275 3797.32 
276 3763.84 
277 3730.3 
278 3696.71 
279 3663.08 
280 3629.42 
281 3595.75 
282 3562.08 
283 3528.42 
284 3494.77 
285 3461.17 
286 3427.61 
287 3394.11 
288 3360.69 
289 3327.35 
290 3294.12 
291 3260.99 
292 3228 
293 3195.14 
294 3162.45 
295 3129.92 
296 3097.57 
297 3065.42 
298 3033.49 
299 3001.78 
300 2970.31 
301 2939.1 
302 2908.15 
303 2877.47 
304 2847.07 
305 2816.96 
306 2787.14 
307 2757.62 
308 2728.4 
309 2699.5 
310 2670.92 
311 2642.67 
312 2614.75 
313 2587.17 
314 2559.94 
315 2533.06 
316 2506.54 
317 2480.39 
318 2454.61 
319 2429.21 
320 2404.19 
321 2379.57 
322 2355.34 
323 2331.51 
324 2308.09 
325 2285.08 
326 2262.5 
327 2240.34 
328 2218.6 
329 2197.31 
330 2176.45 
331 2156.03 
332 2136.07 
333 2116.56 
334 2097.52 
335 2078.93 
336 2060.81 
337 2043.17 
338 2026 
339 2009.32 
340 1993.12 
341 1977.41 
342 1962.19 
343 1947.47 
344 1933.25 
345 1919.53 
346 1906.32 
347 1893.62 
348 1881.43 
349 1869.76 
350 1858.61 
351 1847.98 
352 1837.87 
353 1828.28 
354 1819.2 
355 1810.65 
356 1802.61 
357 1795.08 
358 1788.07 
359 1781.56 
360 1775.56 
361 1770.07 
362 1765.07 
363 1760.58 
364 1756.58 
365 1753.07 
366 1750.04 
367 1747.5 
368 1745.44 
369 1743.85 
370 1742.73 
371 1742.08 
372 1741.88 
373 1742.14 
374 1742.85 
375 1743.99 
376 1745.57 
377 1747.58 
378 1750.01 
379 1752.86 
380 1756.11 
381 1759.76 
382 1763.81 
383 1768.23 
384 1773.03 
385 1778.2 
386 1783.72 
387 1789.6 
388 1795.81 
389 1802.35 
390 1809.2 
391 1816.37 
392 1823.83 
393 1831.58 
394 1839.6 
395 1847.89 
396 1856.43 
397 1865.21 
398 1874.21 
399 1883.43 
400 1892.85 
401 1902.46 
402 1912.26 
403 1922.23 
404 1932.37 
405 1942.69 
406 1953.16 
407 1963.79 
408 1974.58 
409 1985.51 
410 1996.58 
411 2007.78 
412 2019.11 
413 2030.57 
414 2042.14 
415 2053.81 
416 2065.59 
417 2077.47 
418 2089.43 
419 2101.47 
420 2113.58 
421 2125.77 
422 2138.01 
423 2150.3 
424 2162.63 
425 2175 
426 2187.39 
427 2199.81 
428 2212.23 
429 2224.65 
430 2237.07 
431 2249.47 
432 2261.84 
433 2274.18 
434 2286.47 
435 2298.71 
436 2310.88 
437 2322.98 
438 2335 
439 2346.92 
440 2358.74 
441 2370.44 
442 2382.01 
443 2393.45 
444 2404.74 
445 2415.87 
446 2426.83 
447 2437.61 
448 2448.19 
449 2458.56 
450 2468.72 
451 2478.65 
452 2488.34 
453 2497.8 
454 2507.03 
455 2516.03 
456 2524.79 
457 2533.31 
458 2541.6 
459 2549.65 
460 2557.46 
461 2565.03 
462 2572.37 
463 2579.46 
464 2586.31 
465 2592.92 
466 2599.29 
467 2605.41 
468 2611.3 
469 2616.94 
470 2622.33 
471 2627.49 
472 2632.39 
473 2637.06 
474 2641.47 
475 2645.65 
476 2649.58 
477 2653.26 
478 2656.69 
479 2659.88 
480 2662.83 
481 2665.53 
482 2667.98 
483 2670.19 
484 2672.15 
485 2673.86 
486 2675.33 
487 2676.56 
488 2677.54 
489 2678.27 
490 2678.76 
491 2679.01 
492 2679.01 
493 2678.76 
494 2678.28 
495 2677.55 
496 2676.58 
497 2675.37 
498 2673.91 
499 2672.22 
500 2670.28 
501 2668.11 
502 2665.7 
503 2663.06 
504 2660.2 
505 2657.11 
506 2653.81 
507 2650.29 
508 2646.57 
509 2642.64 
510 2638.51 
511 2634.19 
512 2629.68 
513 2624.99 
514 2620.13 
515 2615.09 
516 2609.88 
517 2604.51 
518 2598.99 
519 2593.31 
520 2587.5 
521 2581.54 
522 2575.46 
523 2569.25 
524 2562.92 
525 2556.48 
526 2549.93 
527 2543.28 
528 2536.55 
529 2529.72 
530 2522.82 
531 2515.84 
532 2508.81 
533 2501.71 
534 2494.57 
535 2487.38 
536 2480.16 
537 2472.91 
538 2465.65 
539 2458.37 
540 2451.09 
541 2443.82 
542 2436.56 
543 2429.32 
544 2422.11 
545 2414.94 
546 2407.83 
547 2400.76 
548 2393.77 
549 2386.85 
550 2380.01 
551 2373.27 
552 2366.62 
553 2360.08 
554 2353.64 
555 2347.3 
556 2341.08 
557 2334.96 
558 2328.97 
559 2323.09 
560 2317.34 
561 2311.71 
562 2306.22 
563 2300.85 
564 2295.63 
565 2290.54 
566 2285.6 
567 2280.81 
568 2276.17 
569 2271.68 
570 2267.35 
571 2263.18 
572 2259.18 
573 2255.35 
574 2251.69 
575 2248.21 
576 2244.91 
577 2241.8 
578 2238.87 
579 2236.14 
580 2233.6 
581 2231.26 
582 2229.13 
583 2227.21 
584 2225.5 
585 2224.01 
586 2222.74 
587 2221.69 
588 2220.87 
589 2220.29 
590 2219.94 
591 2219.84 
592 2219.98 
593 2220.37 
594 2221.02 
595 2221.93 
596 2223.1 
597 2224.54 
598 2226.25 
599 2228.24 
600 2230.52 
601 2233.07 
602 2235.92 
603 2239.04 
604 2242.44 
605 2246.12 
606 2250.08 
607 2254.3 
608 2258.79 
609 2263.55 
610 2268.57 
611 2273.85 
612 2279.38 
613 2285.17 
614 2291.21 
615 2297.49 
616 2304.01 
617 2310.78 
618 2317.78 
619 2325.01 
620 2332.47 
621 2340.16 
622 2348.07 
623 2356.19 
624 2364.53 
625 2373.08 
626 2381.83 
627 2390.78 
628 2399.94 
629 2409.28 
630 2418.81 
631 2428.53 
632 2438.42 
633 2448.49 
634 2458.73 
635 2469.14 
636 2479.71 
637 2490.43 
638 2501.3 
639 2512.32 
640 2523.48 
641 2534.78 
642 2546.21 
643 2557.76 
644 2569.43 
645 2581.22 
646 2593.11 
647 2605.11 
648 2617.21 
649 2629.4 
650 2641.67 
651 2654.03 
652 2666.46 
653 2678.96 
654 2691.53 
655 2704.15 
656 2716.83 
657 2729.55 
658 2742.32 
659 2755.12 
660 2767.96 
661 2780.82 
662 2793.7 
663 2806.59 
664 2819.49 
665 2832.39 
666 2845.28 
667 2858.16 
668 2871.02 
669 2883.86 
670 2896.67 
671 2909.44 
672 2922.17 
673 2934.84 
674 2947.46 
675 2960.01 
676 2972.49 
677 2984.89 
678 2997.21 
679 3009.43 
680 3021.56 
681 3033.57 
682 3045.47 
683 3057.25 
684 3068.9 
685 3080.41 
686 3091.77 
687 3102.98 
688 3114.03 
689 3124.92 
690 3135.62 
691 3146.14 
692 3156.47 
693 3166.59 
694 3176.51 
695 3186.2 
696 3195.67 
697 3204.91 
698 3213.9 
699 3222.64 
700 3231.11 
701 3239.32 
702 3247.25 
703 3254.92 
704 3262.3 
705 3269.41 
706 3276.25 
707 3282.8 
708 3289.07 
709 3295.06 
710 3300.77 
711 3306.19 
712 3311.33 
713 3316.17 
714 3320.73 
715 3325 
716 3328.97 
717 3332.66 
718 3336.04 
719 3339.13 
720 3341.93 
721 3344.42 
722 3346.61 
723 3348.51 
724 3350.09 
725 3351.38 
726 3352.36 
727 3353.03 
728 3353.39 
729 3353.44 
730 3353.18 
731 3352.61 
732 3351.72 
733 3350.52 
734 3349 
735 3347.16 
736 3345 
737 3342.53 
738 3339.73 
739 3336.6 
740 3333.16 
741 3329.38 
742 3325.28 
743 3320.85 
744 3316.09 
745 3311 
746 3305.58 
747 3299.83 
748 3293.74 
749 3287.31 
750 3280.54 
751 3273.44 
752 3266.01 
753 3258.24 
754 3250.15 
755 3241.73 
756 3233 
757 3223.95 
758 3214.59 
759 3204.93 
760 3194.97 
761 3184.71 
762 3174.16 
763 3163.32 
764 3152.21 
765 3140.81 
766 3129.14 
767 3117.21 
768 3105.01 
769 3092.56 
770 3079.85 
771 3066.9 
772 3053.7 
773 3040.27 
774 3026.61 
775 3012.72 
776 2998.61 
777 2984.29 
778 2969.76 
779 2955.02 
780 2940.09 
781 2924.97 
782 2909.66 
783 2894.17 
784 2878.51 
785 2862.68 
786 2846.69 
787 2830.55 
788 2814.25 
789 2797.82 
790 2781.25 
791 2764.54 
792 2747.72 
793 2730.78 
794 2713.73 
795 2696.58 
796 2679.34 
797 2662 
798 2644.59 
799 2627.1 
800 2609.54 
801 2591.92 
802 2574.25 
803 2556.53 
804 2538.76 
805 2520.95 
806 2503.11 
807 2485.23 
808 2467.34 
809 2449.42 
810 2431.48 
811 2413.54 
812 2395.59 
813 2377.65 
814 2359.71 
815 2341.78 
816 2323.87 
817 2305.98 
818 2288.12 
819 2270.3 
820 2252.52 
821 2234.78 
822 2217.09 
823 2199.46 
824 2181.9 
825 2164.4 
826 2146.98 
827 2129.64 
828 2112.39 
829 2095.23 
830 2078.17 
831 2061.22 
832 2044.38 
833 2027.66 
834 2011.06 
835 1994.59 
836 1978.27 
837 1962.08 
838 1946.05 
839 1930.18 
840 1914.47 
841 1898.94 
842 1883.58 
843 1868.4 
844 1853.42 
845 1838.64 
846 1824.07 
847 1809.7 
848 1795.56 
849 1781.65 
850 1767.97 
851 1754.53 
852 1741.34 
853 1728.38 
854 1715.68 
855 1703.21 
856 1690.99 
857 1679.01 
858 1667.28 
859 1655.8 
860 1644.56 
861 1633.57 
862 1622.82 
863 1612.32 
864 1602.07 
865 1592.06 
866 1582.3 
867 1572.79 
868 1563.53 
869 1554.52 
870 1545.75 
871 1537.23 
872 1528.97 
873 1520.95 
874 1513.18 
875 1505.66 
876 1498.39 
877 1491.37 
878 1484.61 
879 1478.09 
880 1471.82 
881 1465.8 
882 1460.03 
883 1454.52 
884 1449.25 
885 1444.24 
886 1439.47 
887 1434.96 
888 1430.7 
889 1426.69 
890 1422.93 
891 1419.42 
892 1416.16 
893 1413.15 
894 1410.39 
895 1407.89 
896 1405.63 
897 1403.63 
898 1401.87 
899 1400.37 
900 1399.11 
901 1398.11 
902 1397.35 
903 1396.83 
904 1396.56 
905 1396.52 
906 1396.71 
907 1397.13 
908 1397.77 
909 1398.63 
910 1399.7 
911 1400.99 
912 1402.49 
913 1404.19 
914 1406.08 
915 1408.18 
916 1410.46 
917 1412.93 
918 1415.58 
919 1418.41 
920 1421.41 
921 1424.58 
922 1427.91 
923 1431.41 
924 1435.05 
925 1438.85 
926 1442.79 
927 1446.88 
928 1451.09 
929 1455.44 
930 1459.92 
931 1464.51 
932 1469.22 
933 1474.04 
934 1478.97 
935 1484 
936 1489.12 
937 1494.33 
938 1499.63 
939 1505 
940 1510.45 
941 1515.97 
942 1521.55 
943 1527.18 
944 1532.87 
945 1538.6 
946 1544.38 
947 1550.18 
948 1556.02 
949 1561.88 
950 1567.75 
951 1573.64 
952 1579.53 
953 1585.43 
954 1591.33 
955 1597.23 
956 1603.12 
957 1609 
958 1614.87 
959 1620.73 
960 1626.57 
961 1632.38 
962 1638.17 
963 1643.93 
964 1649.66 
965 1655.35 
966 1661 
967 1666.6 
968 1672.17 
969 1677.68 
970 1683.13 
971 1688.53 
972 1693.87 
973 1699.14 
974 1704.34 
975 1709.47 
976 1714.52 
977 1719.49 
978 1724.38 
979 1729.18 
980 1733.88 
981 1738.49 
982 1743 
983 1747.41 
984 1751.71 
985 1755.89 
986 1759.96 
987 1763.91 
988 1767.73 
989 1771.42 
990 1774.98 
991 1778.4 
992 1781.69 
993 1784.82 
994 1787.8 
995 1790.63 
996 1793.3 
997 1795.81 
998 1798.14 
999 1800.31 
1000 1802.29 
1001 1804.1 
1002 1805.73 
1003 1807.17 
1004 1808.44 
1005 1809.53 
1006 1810.44 
1007 1811.18 
1008 1811.74 
1009 1812.13 
1010 1812.34 
1011 1812.39 
1012 1812.26 
1013 1811.97 
1014 1811.51 
1015 1810.88 
1016 1810.09 
1017 1809.13 
1018 1808.01 
1019 1806.73 
1020 1805.29 
1021 1803.69 
1022 1801.93 
1023 1800.02 
1024 1797.95 
1025 1795.72 
1026 1793.35 
1027 1790.82 
1028 1788.15 
1029 1785.32 
1030 1782.35 
1031 1779.24 
1032 1775.98 
1033 1772.58 
1034 1769.03 
1035 1765.35 
1036 1761.53 
1037 1757.58 
1038 1753.49 
1039 1749.26 
1040 1744.91 
1041 1740.42 
1042 1735.81 
1043 1731.07 
1044 1726.21 
1045 1721.22 
1046 1716.11 
1047 1710.88 
1048 1705.53 
1049 1700.07 
1050 1694.49 
1051 1688.79 
1052 1682.99 
1053 1677.08 
1054 1671.07 
1055 1664.96 
1056 1658.75 
1057 1652.44 
1058 1646.05 
1059 1639.56 
1060 1632.99 
1061 1626.34 
1062 1619.61 
1063 1612.81 
1064 1605.94 
1065 1598.99 
1066 1591.99 
1067 1584.92 
1068 1577.79 
1069 1570.62 
1070 1563.39 
1071 1556.11 
1072 1548.79 
1073 1541.43 
1074 1534.03 
1075 1526.6 
1076 1519.14 
1077 1511.66 
1078 1504.15 
1079 1496.63 
1080 1489.1 
1081 1481.55 
1082 1474 
1083 1466.44 
1084 1458.89 
1085 1451.34 
1086 1443.81 
1087 1436.28 
1088 1428.78 
1089 1421.29 
1090 1413.83 
1091 1406.4 
1092 1399.01 
1093 1391.65 
1094 1384.34 
1095 1377.07 
1096 1369.85 
1097 1362.69 
1098 1355.59 
1099 1348.55 
1100 1341.58 
1101 1334.68 
1102 1327.86 
1103 1321.11 
1104 1314.44 
1105 1307.85 
1106 1301.33 
1107 1294.9 
1108 1288.56 
1109 1282.3 
1110 1276.12 
1111 1270.04 
1112 1264.04 
1113 1258.14 
1114 1252.33 
1115 1246.61 
1116 1240.99 
1117 1235.47 
1118 1230.05 
1119 1224.73 
1120 1219.51 
1121 1214.4 
1122 1209.4 
1123 1204.5 
1124 1199.72 
1125 1195.04 
1126 1190.48 
1127 1186.04 
1128 1181.71 
1129 1177.5 
1130 1173.41 
1131 1169.45 
1132 1165.61 
1133 1161.89 
1134 1158.31 
1135 1154.85 
1136 1151.52 
1137 1148.33 
1138 1145.28 
1139 1142.36 
1140 1139.58 
1141 1136.94 
1142 1134.44 
1143 1132.09 
1144 1129.89 
1145 1127.83 
1146 1125.92 
1147 1124.17 
1148 1122.57 
1149 1121.13 
1150 1119.84 
1151 1118.72 
1152 1117.75 
1153 1116.94 
1154 1116.29 
1155 1115.78 
1156 1115.43 
1157 1115.23 
1158 1115.17 
1159 1115.26 
1160 1115.49 
1161 1115.86 
1162 1116.37 
1163 1117.02 
1164 1117.8 
1165 1118.72 
1166 1119.76 
1167 1120.93 
1168 1122.23 
1169 1123.65 
1170 1125.19 
1171 1126.86 
1172 1128.64 
1173 1130.53 
1174 1132.54 
1175 1134.65 
1176 1136.88 
1177 1139.21 
1178 1141.64 
1179 1144.18 
1180 1146.81 
1181 1149.54 
1182 1152.36 
1183 1155.28 
1184 1158.28 
1185 1161.37 
1186 1164.54 
1187 1167.79 
1188 1171.13 
1189 1174.54 
1190 1178.02 
1191 1181.57 
1192 1185.19 
1193 1188.88 
1194 1192.63 
1195 1196.44 
1196 1200.31 
1197 1204.24 
1198 1208.21 
1199 1212.24 
1200 1216.31 
1201 1220.43 
1202 1224.58 
1203 1228.78 
1204 1233.01 
1205 1237.28 
1206 1241.58 
1207 1245.91 
1208 1250.26 
1209 1254.64 
1210 1259.04 
1211 1263.45 
1212 1267.89 
1213 1272.33 
1214 1276.79 
1215 1281.25 
1216 1285.72 
1217 1290.19 
1218 1294.66 
1219 1299.13 
1220 1303.59 
1221 1308.04 
1222 1312.49 
1223 1316.91 
1224 1321.32 
1225 1325.71 
1226 1330.07 
1227 1334.41 
1228 1338.72 
1229 1343 
1230 1347.25 
1231 1351.45 
1232 1355.61 
1233 1359.73 
1234 1363.81 
1235 1367.83 
1236 1371.8 
1237 1375.71 
1238 1379.57 
1239 1383.36 
1240 1387.08 
1241 1390.74 
1242 1394.32 
1243 1397.83 
1244 1401.26 
1245 1404.61 
1246 1407.87 
1247 1411.05 
1248 1414.13 
1249 1417.12 
1250 1420.01 
1251 1422.8 
1252 1425.48 
1253 1428.07 
1254 1430.54 
1255 1432.92 
1256 1435.19 
1257 1437.35 
1258 1439.4 
1259 1441.35 
1260 1443.19 
1261 1444.93 
1262 1446.55 
1263 1448.06 
1264 1449.46 
1265 1450.75 
1266 1451.93 
1267 1452.99 
1268 1453.94 
1269 1454.78 
1270 1455.5 
1271 1456.11 
1272 1456.59 
1273 1456.97 
1274 1457.22 
1275 1457.35 
1276 1457.37 
1277 1457.26 
1278 1457.04 
1279 1456.69 
1280 1456.22 
1281 1455.62 
1282 1454.9 
1283 1454.06 
1284 1453.09 
1285 1452 
1286 1450.78 
1287 1449.43 
1288 1447.95 
1289 1446.34 
1290 1444.6 
1291 1442.74 
1292 1440.74 
1293 1438.6 
1294 1436.34 
1295 1433.94 
1296 1431.41 
1297 1428.74 
1298 1425.93 
1299 1422.99 
1300 1419.91 
1301 1416.69 
1302 1413.34 
1303 1409.85 
1304 1406.23 
1305 1402.47 
1306 1398.59 
1307 1394.59 
1308 1390.46 
1309 1386.2 
1310 1381.83 
1311 1377.34 
1312 1372.73 
1313 1368.01 
1314 1363.18 
1315 1358.24 
1316 1353.19 
1317 1348.04 
1318 1342.78 
1319 1337.43 
1320 1331.97 
1321 1326.42 
1322 1320.78 
1323 1315.05 
1324 1309.22 
1325 1303.32 
1326 1297.32 
1327 1291.25 
1328 1285.09 
1329 1278.86 
1330 1272.56 
1331 1266.18 
1332 1259.74 
1333 1253.22 
1334 1246.64 
1335 1240 
1336 1233.31 
1337 1226.55 
1338 1219.74 
1339 1212.88 
1340 1205.96 
1341 1199.01 
1342 1192 
1343 1184.96 
1344 1177.88 
1345 1170.76 
1346 1163.61 
1347 1156.43 
1348 1149.22 
1349 1141.98 
1350 1134.73 
1351 1127.45 
1352 1120.15 
1353 1112.84 
1354 1105.52 
1355 1098.19 
1356 1090.84 
1357 1083.49 
1358 1076.14 
1359 1068.78 
1360 1061.42 
1361 1054.07 
1362 1046.72 
1363 1039.38 
1364 1032.04 
1365 1024.72 
1366 1017.41 
1367 1010.11 
1368 1002.84 
1369 995.579 
1370 988.346 
1371 981.138 
1372 973.957 
1373 966.807 
1374 959.689 
1375 952.605 
1376 945.558 
1377 938.552 
1378 931.587 
1379 924.667 
1380 917.793 
1381 910.969 
1382 904.197 
1383 897.48 
1384 890.82 
1385 884.219 
1386 877.68 
1387 871.206 
1388 864.8 
1389 858.463 
1390 852.199 
1391 846.01 
1392 839.898 
1393 833.867 
1394 827.92 
1395 822.058 
1396 816.284 
1397 810.601 
1398 805.013 
1399 799.521 
1400 794.128 
1401 788.838 
1402 783.649 
1403 778.561 
1404 773.576 
1405 768.691 
1406 763.908 
1407 759.226 
1408 754.644 
1409 750.163 
1410 745.782 
1411 741.502 
1412 737.321 
1413 733.239 
1414 729.258 
1415 725.375 
1416 721.591 
1417 717.906 
1418 714.319 
1419 710.831 
1420 707.44 
1421 704.147 
1422 700.951 
1423 697.853 
1424 694.852 
1425 691.947 
1426 689.138 
1427 686.426 
1428 683.809 
1429 681.288 
1430 678.862 
1431 676.531 
1432 674.295 
1433 672.153 
1434 670.105 
1435 668.151 
1436 666.291 
1437 664.523 
1438 662.849 
1439 661.267 
1440 659.777 
1441 658.379 
1442 657.073 
1443 655.858 
1444 654.733 
1445 653.7 
1446 652.756 
1447 651.903 
1448 651.139 
1449 650.464 
1450 649.878 
1451 649.38 
1452 648.97 
1453 648.645 
1454 648.404 
1455 648.246 
1456 648.169 
1457 648.172 
1458 648.254 
1459 648.412 
1460 648.645 
1461 648.952 
1462 649.331 
1463 649.781 
1464 650.301 
1465 650.888 
1466 651.541 
1467 652.258 
1468 653.038 
1469 653.88 
1470 654.781 
1471 655.741 
1472 656.757 
1473 657.828 
1474 658.952 
1475 660.128 
1476 661.353 
1477 662.627 
1478 663.947 
1479 665.313 
1480 666.721 
1481 668.171 
1482 669.661 
1483 671.188 
1484 672.752 
1485 674.351 
1486 675.982 
1487 677.644 
1488 679.336 
1489 681.055 
1490 682.799 
1491 684.568 
1492 686.358 
1493 688.169 
1494 689.998 
1495 691.843 
1496 693.703 
1497 695.576 
1498 697.46 
1499 699.353 
1500 701.253 
1501 703.158 
1502 705.067 
1503 706.978 
1504 708.891 
1505 710.803 
1506 712.713 
1507 714.62 
1508 716.523 
1509 718.42 
1510 720.309 
1511 722.189 
1512 724.059 
1513 725.917 
1514 727.762 
1515 729.593 
1516 731.407 
1517 733.203 
1518 734.98 
1519 736.737 
1520 738.471 
1521 740.182 
1522 741.868 
1523 743.526 
1524 745.157 
1525 746.757 
1526 748.326 
1527 749.863 
1528 751.364 
1529 752.83 
1530 754.258 
1531 755.647 
1532 756.994 
1533 758.3 
1534 759.561 
1535 760.776 
1536 761.944 
1537 763.063 
1538 764.132 
1539 765.148 
1540 766.11 
1541 767.017 
1542 767.866 
1543 768.657 
1544 769.386 
1545 770.053 
1546 770.657 
1547 771.194 
1548 771.664 
1549 772.064 
1550 772.394 
1551 772.651 
1552 772.835 
1553 772.948 
1554 772.99 
1555 772.961 
1556 772.861 
1557 772.691 
1558 772.451 
1559 772.143 
1560 771.766 
1561 771.321 
1562 770.808 
1563 770.229 
1564 769.582 
1565 768.87 
1566 768.092 
1567 767.248 
1568 766.34 
1569 765.369 
1570 764.333 
1571 763.235 
1572 762.073 
1573 760.85 
1574 759.566 
1575 758.22 
1576 756.814 
1577 755.348 
1578 753.823 
1579 752.239 
1580 750.597 
1581 748.897 
1582 747.141 
1583 745.327 
1584 743.457 
1585 741.533 
1586 739.553 
1587 737.519 
1588 735.431 
1589 733.29 
1590 731.097 
1591 728.851 
1592 726.555 
1593 724.207 
1594 721.81 
1595 719.362 
1596 716.866 
1597 714.322 
1598 711.73 
1599 709.091 
1600 706.405 
1601 703.674 
1602 700.898 
1603 698.079 
1604 695.218 
1605 692.318 
1606 689.378 
1607 686.401 
1608 683.389 
1609 680.341 
1610 677.261 
1611 674.149 
1612 671.007 
1613 667.837 
1614 664.639 
1615 661.416 
1616 658.169 
1617 654.899 
1618 651.607 
1619 648.297 
1620 644.968 
1621 641.623 
1622 638.263 
1623 634.889 
1624 631.503 
1625 628.108 
1626 624.703 
1627 621.292 
1628 617.875 
1629 614.454 
1630 611.03 
1631 607.607 
1632 604.184 
1633 600.763 
1634 597.347 
1635 593.936 
1636 590.534 
1637 587.14 
1638 583.757 
1639 580.387 
1640 577.031 
1641 573.691 
1642 570.368 
1643 567.065 
1644 563.783 
1645 560.524 
1646 557.289 
1647 554.08 
1648 550.9 
1649 547.749 
1650 544.63 
1651 541.544 
1652 538.492 
1653 535.473 
1654 532.489 
1655 529.54 
1656 526.626 
1657 523.747 
1658 520.903 
1659 518.096 
1660 515.325 
1661 512.591 
1662 509.894 
1663 507.234 
1664 504.612 
1665 502.028 
1666 499.483 
1667 496.976 
1668 494.509 
1669 492.081 
1670 489.693 
1671 487.345 
1672 485.037 
1673 482.771 
1674 480.546 
1675 478.363 
1676 476.221 
1677 474.122 
1678 472.066 
1679 470.052 
1680 468.082 
1681 466.156 
1682 464.275 
1683 462.437 
1684 460.645 
1685 458.898 
1686 457.196 
1687 455.541 
1688 453.932 
1689 452.37 
1690 450.855 
1691 449.388 
1692 447.968 
1693 446.597 
1694 445.274 
1695 444.001 
1696 442.777 
1697 441.603 
1698 440.479 
1699 439.405 
1700 438.383 
1701 437.412 
1702 436.491 
1703 435.621 
1704 434.801 
1705 434.03 
1706 433.308 
1707 432.633 
1708 432.007 
1709 431.427 
1710 430.894 
1711 430.407 
1712 429.966 
1713 429.569 
1714 429.216 
1715 428.907 
1716 428.641 
1717 428.418 
1718 428.237 
1719 428.096 
1720 427.997 
1721 427.938 
1722 427.919 
1723 427.938 
1724 427.996 
1725 428.091 
1726 428.224 
1727 428.394 
1728 428.599 
1729 428.84 
1730 429.115 
1731 429.424 
1732 429.767 
1733 430.143 
1734 430.551 
1735 430.991 
1736 431.461 
1737 431.962 
1738 432.492 
1739 433.052 
1740 433.639 
1741 434.255 
1742 434.897 
1743 435.566 
1744 436.26 
1745 436.98 
1746 437.723 
1747 438.491 
1748 439.281 
1749 440.094 
1750 440.928 
1751 441.784 
1752 442.659 
1753 443.554 
1754 444.467 
1755 445.398 
1756 446.346 
1757 447.31 
1758 448.29 
1759 449.284 
1760 450.292 
1761 451.312 
1762 452.345 
1763 453.389 
1764 454.443 
1765 455.507 
1766 456.579 
1767 457.66 
1768 458.747 
1769 459.841 
1770 460.939 
1771 462.043 
1772 463.149 
1773 464.259 
1774 465.37 
1775 466.483 
1776 467.595 
1777 468.707 
1778 469.816 
1779 470.924 
1780 472.027 
1781 473.127 
1782 474.221 
1783 475.309 
1784 476.389 
1785 477.462 
1786 478.526 
1787 479.58 
1788 480.623 
1789 481.654 
1790 482.672 
1791 483.677 
1792 484.668 
1793 485.643 
1794 486.601 
1795 487.542 
1796 488.465 
1797 489.368 
1798 490.251 
1799 491.112 
1800 491.951 
1801 492.767 
1802 493.56 
1803 494.328 
1804 495.072 
1805 495.791 
1806 496.484 
1807 497.152 
1808 497.793 
1809 498.408 
1810 498.995 
1811 499.555 
1812 500.087 
1813 500.591 
1814 501.066 
1815 501.511 
1816 501.927 
1817 502.313 
1818 502.668 
1819 502.991 
1820 503.284 
1821 503.544 
1822 503.772 
1823 503.967 
1824 504.129 
1825 504.257 
1826 504.35 
1827 504.409 
1828 504.433 
1829 504.421 
1830 504.373 
1831 504.288 
1832 504.167 
1833 504.008 
1834 503.811 
1835 503.575 
1836 503.3 
1837 502.986 
1838 502.632 
1839 502.238 
1840 501.803 
1841 501.327 
1842 500.808 
1843 500.248 
1844 499.644 
1845 498.998 
1846 498.307 
1847 497.572 
1848 496.793 
1849 495.968 
1850 495.097 
1851 494.181 
1852 493.218 
1853 492.21 
1854 491.158 
1855 490.062 
1856 488.921 
1857 487.738 
1858 486.513 
1859 485.245 
1860 483.936 
1861 482.587 
1862 481.196 
1863 479.767 
1864 478.298 
1865 476.79 
1866 475.245 
1867 473.662 
1868 472.043 
1869 470.387 
1870 468.695 
1871 466.968 
1872 465.207 
1873 463.412 
1874 461.584 
1875 459.723 
1876 457.829 
1877 455.904 
1878 453.949 
1879 451.963 
1880 449.947 
1881 447.902 
1882 445.829 
1883 443.728 
1884 441.6 
1885 439.445 
1886 437.265 
1887 435.058 
1888 432.828 
1889 430.573 
1890 428.295 
1891 425.994 
1892 423.671 
1893 421.326 
1894 418.961 
1895 416.575 
1896 414.17 
1897 411.746 
1898 409.304 
1899 406.845 
1900 404.368 
1901 401.876 
1902 399.368 
1903 396.847 
1904 394.312 
1905 391.766 
1906 389.208 
1907 386.641 
1908 384.065 
1909 381.482 
1910 378.892 
1911 376.296 
1912 373.697 
1913 371.094 
1914 368.489 
1915 365.883 
1916 363.277 
1917 360.673 
1918 358.07 
1919 355.472 
1920 352.878 
1921 350.289 
1922 347.708 
1923 345.135 
1924 342.571 
1925 340.017 
1926 337.475 
1927 334.946 
1928 332.431 
1929 329.93 
1930 327.446 
1931 324.98 
1932 322.532 
1933 320.104 
1934 317.697 
1935 315.312 
1936 312.951 
1937 310.615 
1938 308.304 
1939 306.021 
1940 303.766 
1941 301.54 
1942 299.345 
1943 297.183 
1944 295.054 
1945 292.959 
1946 290.901 
1947 288.879 
1948 286.896 
1949 284.953 
1950 283.05 
1951 281.189 
1952 279.37 
1953 277.592 
1954 275.853 
1955 274.154 
1956 272.492 
1957 270.868 
1958 269.281 
1959 267.729 
1960 266.213 
1961 264.73 
1962 263.281 
1963 261.865 
1964 260.48 
1965 259.125 
1966 257.801 
1967 256.506 
1968 255.239 
1969 254 
1970 252.787 
1971 251.599 
1972 250.437 
1973 249.299 
1974 248.183 
1975 247.09 
1976 246.018 
1977 244.966 
1978 243.934 
1979 242.921 
1980 241.925 
1981 240.946 
1982 239.983 
1983 239.036 
1984 238.102 
1985 237.181 
1986 236.273 
1987 235.376 
1988 234.489 
1989 233.612 
1990 232.744 
1991 231.883 
1992 231.028 
1993 230.18 
1994 229.336 
1995 228.496 
1996 227.659 
1997 226.823 
1998 225.989 
1999 225.155 
2000 224.319 
