2 555.137 
3 503.829 
4 471.493 
5 454.947 
6 449.434 
7 451.708 
8 459.656 
9 471.686 
10 487.404 
11 505.49 
12 525.813 
13 547.537 
14 570.942 
15 595.86 
16 621.22 
17 647.225 
18 674.303 
19 702.52 
20 731.486 
21 760.537 
22 789.685 
23 819.092 
24 848.821 
25 878.809 
26 908.919 
27 939.171 
28 969.592 
29 1000.14 
30 1030.69 
31 1061.09 
32 1091.39 
33 1121.65 
34 1151.94 
35 1182.29 
36 1212.73 
37 1243.26 
38 1273.83 
39 1304.4 
40 1334.85 
41 1365.1 
42 1395.13 
43 1425.01 
44 1454.74 
45 1484.35 
46 1513.88 
47 1543.32 
48 1572.68 
49 1601.95 
50 1631.13 
51 1660.19 
52 1689.15 
53 1718.02 
54 1746.84 
55 1775.6 
56 1804.33 
57 1833.01 
58 1861.65 
59 1890.25 
60 1918.78 
61 1947.23 
62 1975.62 
63 2003.95 
64 2032.25 
65 2060.53 
66 2088.79 
67 2117.05 
68 2145.3 
69 2173.55 
70 2201.8 
71 2230.04 
72 2258.29 
73 2286.55 
74 2314.83 
75 2343.15 
76 2371.5 
77 2399.9 
78 2428.34 
79 2456.83 
80 2485.36 
81 2513.92 
82 2542.53 
83 2571.19 
84 2599.92 
85 2628.7 
86 2657.56 
87 2686.49 
88 2715.5 
89 2744.57 
90 2773.72 
91 2802.93 
92 2832.21 
93 2861.57 
94 2891 
95 2920.51 
96 2950.09 
97 2979.74 
98 3009.47 
99 3039.25 
100 3069.09 
101 3098.99 
102 3128.93 
103 3158.93 
104 3188.99 
105 3219.11 
106 3249.29 
107 3279.53 
108 3309.83 
109 3340.19 
110 3370.6 
111 3401.07 
112 3431.58 
113 3462.14 
114 3492.73 
115 3523.34 
116 3553.98 
117 3584.63 
118 3615.27 
119 3645.9 
120 3676.5 
121 3707.06 
122 3737.57 
123 3768.03 
124 3798.44 
125 3828.8 
126 3859.09 
127 3889.31 
128 3919.47 
129 3949.54 
130 3979.53 
131 4009.43 
132 4039.22 
133 4068.9 
134 4098.47 
135 4127.9 
136 4157.2 
137 4186.34 
138 4215.32 
139 4244.12 
140 4272.73 
141 4301.13 
142 4329.32 
143 4357.3 
144 4385.04 
145 4412.55 
146 4439.82 
147 4466.85 
148 4493.61 
149 4520.11 
150 4546.33 
151 4572.26 
152 4597.9 
153 4623.24 
154 4648.26 
155 4672.95 
156 4697.3 
157 4721.3 
158 4744.94 
159 4768.2 
160 4791.07 
161 4813.53 
162 4835.59 
163 4857.23 
164 4878.45 
165 4899.23 
166 4919.57 
167 4939.47 
168 4958.91 
169 4977.89 
170 4996.4 
171 5014.43 
172 5031.98 
173 5049.03 
174 5065.58 
175 5081.61 
176 5097.13 
177 5112.12 
178 5126.57 
179 5140.47 
180 5153.81 
181 5166.59 
182 5178.79 
183 5190.43 
184 5201.48 
185 5211.94 
186 5221.82 
187 5231.1 
188 5239.79 
189 5247.87 
190 5255.35 
191 5262.21 
192 5268.46 
193 5274.1 
194 5279.11 
195 5283.49 
196 5287.24 
197 5290.36 
198 5292.84 
199 5294.68 
200 5295.88 
201 5296.42 
202 5296.32 
203 5295.56 
204 5294.16 
205 5292.11 
206 5289.41 
207 5286.06 
208 5282.07 
209 5277.43 
210 5272.14 
211 5266.21 
212 5259.64 
213 5252.43 
214 5244.59 
215 5236.1 
216 5226.99 
217 5217.24 
218 5206.87 
219 5195.87 
220 5184.26 
221 5172.02 
222 5159.17 
223 5145.72 
224 5131.65 
225 5116.99 
226 5101.73 
227 5085.88 
228 5069.45 
229 5052.43 
230 5034.85 
231 5016.7 
232 4997.98 
233 4978.72 
234 4958.91 
235 4938.57 
236 4917.69 
237 4896.3 
238 4874.39 
239 4851.98 
240 4829.07 
241 4805.67 
242 4781.8 
243 4757.46 
244 4732.67 
245 4707.43 
246 4681.75 
247 4655.65 
248 4629.13 
249 4602.21 
250 4574.91 
251 4547.22 
252 4519.17 
253 4490.75 
254 4461.99 
255 4432.89 
256 4403.46 
257 4373.71 
258 4343.65 
259 4313.3 
260 4282.67 
261 4251.76 
262 4220.59 
263 4189.17 
264 4157.51 
265 4125.63 
266 4093.53 
267 4061.24 
268 4028.76 
269 3996.1 
270 3963.29 
271 3930.33 
272 3897.23 
273 3864.02 
274 3830.71 
275 3797.3 
276 3763.83 
277 3730.29 
278 3696.7 
279 3663.07 
280 3629.41 
281 3595.74 
282 3562.07 
283 3528.4 
284 3494.76 
285 3461.16 
286 3427.6 
287 3394.1 
288 3360.68 
289 3327.34 
290 3294.1 
291 3260.98 
292 3227.99 
293 3195.13 
294 3162.43 
295 3129.91 
296 3097.56 
297 3065.41 
298 3033.48 
299 3001.77 
300 2970.3 
301 2939.09 
302 2908.14 
303 2877.46 
304 2847.06 
305 2816.95 
306 2787.13 
307 2757.61 
308 2728.39 
309 2699.49 
310 2670.91 
311 2642.66 
312 2614.74 
313 2587.16 
314 2559.93 
315 2533.05 
316 2506.53 
317 2480.38 
318 2454.6 
319 2429.2 
320 2404.18 
321 2379.56 
322 2355.33 
323 2331.5 
324 2308.08 
325 2285.07 
326 2262.49 
327 2240.32 
328 2218.59 
329 2197.29 
330 2176.44 
331 2156.02 
332 2136.06 
333 2116.55 
334 2097.5 
335 2078.92 
336 2060.8 
337 2043.16 
338 2025.99 
339 2009.31 
340 1993.11 
341 1977.4 
342 1962.18 
343 1947.46 
344 1933.24 
345 1919.52 
346 1906.31 
347 1893.61 
348 1881.42 
349 1869.75 
350 1858.6 
351 1847.97 
352 1837.86 
353 1828.26 
354 1819.19 
355 1810.64 
356 1802.6 
357 1795.07 
358 1788.05 
359 1781.55 
360 1775.55 
361 1770.05 
362 1765.06 
363 1760.57 
364 1756.56 
365 1753.05 
366 1750.03 
367 1747.49 
368 1745.43 
369 1743.84 
370 1742.72 
371 1742.07 
372 1741.87 
373 1742.13 
374 1742.84 
375 1743.98 
376 1745.56 
377 1747.57 
378 1750 
379 1752.85 
380 1756.1 
381 1759.75 
382 1763.8 
383 1768.22 
384 1773.02 
385 1778.19 
386 1783.71 
387 1789.59 
388 1795.8 
389 1802.34 
390 1809.19 
391 1816.36 
392 1823.82 
393 1831.57 
394 1839.59 
395 1847.88 
396 1856.42 
397 1865.2 
398 1874.2 
399 1883.42 
400 1892.85 
401 1902.46 
402 1912.25 
403 1922.22 
404 1932.37 
405 1942.68 
406 1953.15 
407 1963.79 
408 1974.57 
409 1985.5 
410 1996.57 
411 2007.78 
412 2019.11 
413 2030.56 
414 2042.13 
415 2053.81 
416 2065.59 
417 2077.46 
418 2089.42 
419 2101.46 
420 2113.58 
421 2125.76 
422 2138 
423 2150.29 
424 2162.63 
425 2175 
426 2187.39 
427 2199.8 
428 2212.23 
429 2224.65 
430 2237.07 
431 2249.47 
432 2261.84 
433 2274.18 
434 2286.47 
435 2298.71 
436 2310.88 
437 2322.98 
438 2335 
439 2346.92 
440 2358.74 
441 2370.44 
442 2382.01 
443 2393.45 
444 2404.74 
445 2415.87 
446 2426.83 
447 2437.61 
448 2448.19 
449 2458.56 
450 2468.72 
451 2478.65 
452 2488.34 
453 2497.81 
454 2507.04 
455 2516.03 
456 2524.79 
457 2533.32 
458 2541.6 
459 2549.65 
460 2557.47 
461 2565.04 
462 2572.37 
463 2579.46 
464 2586.32 
465 2592.93 
466 2599.29 
467 2605.42 
468 2611.3 
469 2616.94 
470 2622.34 
471 2627.49 
472 2632.4 
473 2637.06 
474 2641.48 
475 2645.66 
476 2649.58 
477 2653.27 
478 2656.7 
479 2659.89 
480 2662.84 
481 2665.54 
482 2667.99 
483 2670.2 
484 2672.16 
485 2673.87 
486 2675.34 
487 2676.57 
488 2677.55 
489 2678.28 
490 2678.77 
491 2679.02 
492 2679.02 
493 2678.78 
494 2678.29 
495 2677.56 
496 2676.59 
497 2675.38 
498 2673.92 
499 2672.23 
500 2670.3 
501 2668.12 
502 2665.72 
503 2663.08 
504 2660.21 
505 2657.13 
506 2653.82 
507 2650.31 
508 2646.58 
509 2642.65 
510 2638.53 
511 2634.21 
512 2629.7 
513 2625.01 
514 2620.14 
515 2615.1 
516 2609.89 
517 2604.53 
518 2599 
519 2593.33 
520 2587.51 
521 2581.56 
522 2575.48 
523 2569.26 
524 2562.94 
525 2556.49 
526 2549.95 
527 2543.3 
528 2536.56 
529 2529.74 
530 2522.84 
531 2515.86 
532 2508.82 
533 2501.73 
534 2494.58 
535 2487.4 
536 2480.18 
537 2472.93 
538 2465.66 
539 2458.39 
540 2451.11 
541 2443.83 
542 2436.57 
543 2429.34 
544 2422.13 
545 2414.96 
546 2407.84 
547 2400.78 
548 2393.79 
549 2386.87 
550 2380.03 
551 2373.29 
552 2366.64 
553 2360.1 
554 2353.66 
555 2347.32 
556 2341.09 
557 2334.98 
558 2328.99 
559 2323.11 
560 2317.36 
561 2311.73 
562 2306.24 
563 2300.87 
564 2295.65 
565 2290.56 
566 2285.62 
567 2280.83 
568 2276.18 
569 2271.7 
570 2267.37 
571 2263.2 
572 2259.2 
573 2255.37 
574 2251.71 
575 2248.23 
576 2244.93 
577 2241.82 
578 2238.89 
579 2236.16 
580 2233.62 
581 2231.28 
582 2229.15 
583 2227.23 
584 2225.52 
585 2224.03 
586 2222.76 
587 2221.71 
588 2220.89 
589 2220.31 
590 2219.96 
591 2219.86 
592 2220 
593 2220.39 
594 2221.04 
595 2221.95 
596 2223.12 
597 2224.56 
598 2226.27 
599 2228.27 
600 2230.54 
601 2233.1 
602 2235.94 
603 2239.06 
604 2242.47 
605 2246.15 
606 2250.1 
607 2254.32 
608 2258.82 
609 2263.57 
610 2268.59 
611 2273.87 
612 2279.41 
613 2285.19 
614 2291.23 
615 2297.51 
616 2304.04 
617 2310.8 
618 2317.8 
619 2325.04 
620 2332.5 
621 2340.18 
622 2348.09 
623 2356.22 
624 2364.56 
625 2373.1 
626 2381.86 
627 2390.81 
628 2399.96 
629 2409.31 
630 2418.84 
631 2428.55 
632 2438.45 
633 2448.52 
634 2458.76 
635 2469.17 
636 2479.73 
637 2490.46 
638 2501.33 
639 2512.35 
640 2523.51 
641 2534.81 
642 2546.23 
643 2557.79 
644 2569.46 
645 2581.25 
646 2593.14 
647 2605.14 
648 2617.24 
649 2629.43 
650 2641.7 
651 2654.06 
652 2666.49 
653 2678.99 
654 2691.56 
655 2704.18 
656 2716.86 
657 2729.59 
658 2742.35 
659 2755.16 
660 2767.99 
661 2780.85 
662 2793.73 
663 2806.62 
664 2819.52 
665 2832.42 
666 2845.31 
667 2858.2 
668 2871.06 
669 2883.9 
670 2896.71 
671 2909.48 
672 2922.2 
673 2934.88 
674 2947.5 
675 2960.05 
676 2972.53 
677 2984.93 
678 2997.25 
679 3009.47 
680 3021.6 
681 3033.61 
682 3045.51 
683 3057.29 
684 3068.94 
685 3080.45 
686 3091.81 
687 3103.03 
688 3114.08 
689 3124.96 
690 3135.66 
691 3146.18 
692 3156.51 
693 3166.64 
694 3176.55 
695 3186.25 
696 3195.72 
697 3204.95 
698 3213.94 
699 3222.68 
700 3231.16 
701 3239.37 
702 3247.3 
703 3254.96 
704 3262.35 
705 3269.46 
706 3276.29 
707 3282.85 
708 3289.12 
709 3295.11 
710 3300.82 
711 3306.24 
712 3311.38 
713 3316.22 
714 3320.78 
715 3325.05 
716 3329.03 
717 3332.71 
718 3336.1 
719 3339.19 
720 3341.98 
721 3344.47 
722 3346.67 
723 3348.56 
724 3350.15 
725 3351.43 
726 3352.41 
727 3353.08 
728 3353.44 
729 3353.49 
730 3353.23 
731 3352.66 
732 3351.77 
733 3350.57 
734 3349.05 
735 3347.22 
736 3345.06 
737 3342.58 
738 3339.78 
739 3336.66 
740 3333.21 
741 3329.44 
742 3325.34 
743 3320.91 
744 3316.15 
745 3311.06 
746 3305.64 
747 3299.88 
748 3293.79 
749 3287.37 
750 3280.6 
751 3273.5 
752 3266.06 
753 3258.3 
754 3250.2 
755 3241.79 
756 3233.05 
757 3224.01 
758 3214.65 
759 3204.99 
760 3195.03 
761 3184.77 
762 3174.22 
763 3163.38 
764 3152.26 
765 3140.87 
766 3129.2 
767 3117.27 
768 3105.07 
769 3092.61 
770 3079.91 
771 3066.95 
772 3053.76 
773 3040.33 
774 3026.67 
775 3012.78 
776 2998.67 
777 2984.35 
778 2969.82 
779 2955.08 
780 2940.15 
781 2925.03 
782 2909.72 
783 2894.23 
784 2878.57 
785 2862.74 
786 2846.75 
787 2830.6 
788 2814.31 
789 2797.87 
790 2781.3 
791 2764.6 
792 2747.78 
793 2730.84 
794 2713.79 
795 2696.64 
796 2679.39 
797 2662.06 
798 2644.64 
799 2627.15 
800 2609.6 
801 2591.98 
802 2574.3 
803 2556.58 
804 2538.81 
805 2521.01 
806 2503.16 
807 2485.29 
808 2467.39 
809 2449.47 
810 2431.54 
811 2413.59 
812 2395.65 
813 2377.7 
814 2359.76 
815 2341.83 
816 2323.92 
817 2306.03 
818 2288.18 
819 2270.35 
820 2252.57 
821 2234.83 
822 2217.14 
823 2199.51 
824 2181.95 
825 2164.45 
826 2147.03 
827 2129.69 
828 2112.44 
829 2095.28 
830 2078.22 
831 2061.27 
832 2044.43 
833 2027.7 
834 2011.11 
835 1994.64 
836 1978.31 
837 1962.13 
838 1946.1 
839 1930.23 
840 1914.52 
841 1898.98 
842 1883.62 
843 1868.45 
844 1853.47 
845 1838.69 
846 1824.11 
847 1809.75 
848 1795.61 
849 1781.69 
850 1768.01 
851 1754.58 
852 1741.38 
853 1728.43 
854 1715.72 
855 1703.25 
856 1691.03 
857 1679.06 
858 1667.33 
859 1655.84 
860 1644.6 
861 1633.61 
862 1622.86 
863 1612.36 
864 1602.11 
865 1592.1 
866 1582.34 
867 1572.83 
868 1563.57 
869 1554.56 
870 1545.79 
871 1537.28 
872 1529.01 
873 1520.99 
874 1513.22 
875 1505.7 
876 1498.44 
877 1491.42 
878 1484.65 
879 1478.13 
880 1471.86 
881 1465.84 
882 1460.08 
883 1454.56 
884 1449.29 
885 1444.28 
886 1439.51 
887 1435 
888 1430.74 
889 1426.73 
890 1422.97 
891 1419.46 
892 1416.2 
893 1413.19 
894 1410.43 
895 1407.93 
896 1405.67 
897 1403.67 
898 1401.91 
899 1400.41 
900 1399.15 
901 1398.15 
902 1397.39 
903 1396.88 
904 1396.6 
905 1396.56 
906 1396.75 
907 1397.17 
908 1397.81 
909 1398.67 
910 1399.75 
911 1401.03 
912 1402.53 
913 1404.23 
914 1406.13 
915 1408.22 
916 1410.5 
917 1412.97 
918 1415.62 
919 1418.45 
920 1421.45 
921 1424.62 
922 1427.96 
923 1431.45 
924 1435.1 
925 1438.89 
926 1442.84 
927 1446.92 
928 1451.14 
929 1455.49 
930 1459.96 
931 1464.56 
932 1469.27 
933 1474.09 
934 1479.02 
935 1484.04 
936 1489.17 
937 1494.38 
938 1499.67 
939 1505.05 
940 1510.5 
941 1516.01 
942 1521.59 
943 1527.23 
944 1532.92 
945 1538.65 
946 1544.42 
947 1550.23 
948 1556.07 
949 1561.93 
950 1567.8 
951 1573.69 
952 1579.58 
953 1585.48 
954 1591.38 
955 1597.28 
956 1603.17 
957 1609.05 
958 1614.93 
959 1620.78 
960 1626.62 
961 1632.43 
962 1638.22 
963 1643.98 
964 1649.71 
965 1655.4 
966 1661.05 
967 1666.66 
968 1672.22 
969 1677.73 
970 1683.18 
971 1688.58 
972 1693.92 
973 1699.19 
974 1704.39 
975 1709.52 
976 1714.58 
977 1719.55 
978 1724.43 
979 1729.23 
980 1733.94 
981 1738.55 
982 1743.06 
983 1747.47 
984 1751.76 
985 1755.95 
986 1760.02 
987 1763.96 
988 1767.79 
989 1771.48 
990 1775.04 
991 1778.46 
992 1781.74 
993 1784.88 
994 1787.86 
995 1790.69 
996 1793.36 
997 1795.86 
998 1798.2 
999 1800.37 
1000 1802.35 
1001 1804.16 
1002 1805.78 
1003 1807.23 
1004 1808.5 
1005 1809.59 
1006 1810.5 
1007 1811.24 
1008 1811.8 
1009 1812.19 
1010 1812.4 
1011 1812.45 
1012 1812.32 
1013 1812.03 
1014 1811.57 
1015 1810.94 
1016 1810.15 
1017 1809.19 
1018 1808.07 
1019 1806.79 
1020 1805.35 
1021 1803.75 
1022 1801.99 
1023 1800.08 
1024 1798.01 
1025 1795.78 
1026 1793.41 
1027 1790.88 
1028 1788.21 
1029 1785.38 
1030 1782.41 
1031 1779.3 
1032 1776.04 
1033 1772.64 
1034 1769.09 
1035 1765.41 
1036 1761.59 
1037 1757.64 
1038 1753.55 
1039 1749.32 
1040 1744.97 
1041 1740.48 
1042 1735.87 
1043 1731.13 
1044 1726.27 
1045 1721.28 
1046 1716.17 
1047 1710.94 
1048 1705.59 
1049 1700.13 
1050 1694.55 
1051 1688.85 
1052 1683.05 
1053 1677.14 
1054 1671.13 
1055 1665.02 
1056 1658.81 
1057 1652.5 
1058 1646.1 
1059 1639.62 
1060 1633.05 
1061 1626.4 
1062 1619.67 
1063 1612.87 
1064 1605.99 
1065 1599.05 
1066 1592.05 
1067 1584.98 
1068 1577.85 
1069 1570.67 
1070 1563.44 
1071 1556.16 
1072 1548.84 
1073 1541.48 
1074 1534.09 
1075 1526.66 
1076 1519.2 
1077 1511.72 
1078 1504.21 
1079 1496.69 
1080 1489.15 
1081 1481.61 
1082 1474.05 
1083 1466.5 
1084 1458.95 
1085 1451.4 
1086 1443.86 
1087 1436.34 
1088 1428.83 
1089 1421.35 
1090 1413.89 
1091 1406.46 
1092 1399.06 
1093 1391.7 
1094 1384.39 
1095 1377.12 
1096 1369.91 
1097 1362.74 
1098 1355.64 
1099 1348.6 
1100 1341.63 
1101 1334.73 
1102 1327.91 
1103 1321.16 
1104 1314.49 
1105 1307.9 
1106 1301.39 
1107 1294.96 
1108 1288.61 
1109 1282.35 
1110 1276.17 
1111 1270.09 
1112 1264.09 
1113 1258.19 
1114 1252.38 
1115 1246.66 
1116 1241.04 
1117 1235.52 
1118 1230.1 
1119 1224.78 
1120 1219.56 
1121 1214.45 
1122 1209.45 
1123 1204.55 
1124 1199.77 
1125 1195.09 
1126 1190.53 
1127 1186.09 
1128 1181.76 
1129 1177.55 
1130 1173.46 
1131 1169.5 
1132 1165.66 
1133 1161.94 
1134 1158.36 
1135 1154.9 
1136 1151.57 
1137 1148.38 
1138 1145.33 
1139 1142.41 
1140 1139.63 
1141 1136.99 
1142 1134.49 
1143 1132.14 
1144 1129.93 
1145 1127.88 
1146 1125.97 
1147 1124.22 
1148 1122.62 
1149 1121.18 
1150 1119.89 
1151 1118.77 
1152 1117.8 
1153 1116.99 
1154 1116.34 
1155 1115.83 
1156 1115.48 
1157 1115.28 
1158 1115.22 
1159 1115.31 
1160 1115.54 
1161 1115.91 
1162 1116.42 
1163 1117.07 
1164 1117.85 
1165 1118.77 
1166 1119.81 
1167 1120.98 
1168 1122.28 
1169 1123.7 
1170 1125.24 
1171 1126.91 
1172 1128.69 
1173 1130.58 
1174 1132.59 
1175 1134.7 
1176 1136.93 
1177 1139.26 
1178 1141.69 
1179 1144.23 
1180 1146.86 
1181 1149.59 
1182 1152.41 
1183 1155.33 
1184 1158.33 
1185 1161.42 
1186 1164.59 
1187 1167.85 
1188 1171.18 
1189 1174.59 
1190 1178.07 
1191 1181.63 
1192 1185.25 
1193 1188.93 
1194 1192.69 
1195 1196.5 
1196 1200.37 
1197 1204.29 
1198 1208.27 
1199 1212.29 
1200 1216.36 
1201 1220.48 
1202 1224.64 
1203 1228.84 
1204 1233.07 
1205 1237.34 
1206 1241.64 
1207 1245.96 
1208 1250.32 
1209 1254.69 
1210 1259.09 
1211 1263.51 
1212 1267.94 
1213 1272.39 
1214 1276.85 
1215 1281.31 
1216 1285.78 
1217 1290.25 
1218 1294.72 
1219 1299.19 
1220 1303.65 
1221 1308.1 
1222 1312.54 
1223 1316.97 
1224 1321.38 
1225 1325.77 
1226 1330.13 
1227 1334.47 
1228 1338.78 
1229 1343.06 
1230 1347.31 
1231 1351.51 
1232 1355.68 
1233 1359.8 
1234 1363.87 
1235 1367.89 
1236 1371.86 
1237 1375.78 
1238 1379.63 
1239 1383.42 
1240 1387.15 
1241 1390.8 
1242 1394.39 
1243 1397.9 
1244 1401.33 
1245 1404.68 
1246 1407.94 
1247 1411.11 
1248 1414.2 
1249 1417.18 
1250 1420.07 
1251 1422.86 
1252 1425.55 
1253 1428.13 
1254 1430.61 
1255 1432.98 
1256 1435.25 
1257 1437.41 
1258 1439.47 
1259 1441.42 
1260 1443.26 
1261 1444.99 
1262 1446.61 
1263 1448.13 
1264 1449.53 
1265 1450.82 
1266 1452 
1267 1453.06 
1268 1454.01 
1269 1454.85 
1270 1455.57 
1271 1456.17 
1272 1456.66 
1273 1457.03 
1274 1457.29 
1275 1457.42 
1276 1457.43 
1277 1457.33 
1278 1457.1 
1279 1456.75 
1280 1456.28 
1281 1455.69 
1282 1454.97 
1283 1454.13 
1284 1453.16 
1285 1452.06 
1286 1450.84 
1287 1449.49 
1288 1448.02 
1289 1446.41 
1290 1444.67 
1291 1442.8 
1292 1440.8 
1293 1438.67 
1294 1436.41 
1295 1434.01 
1296 1431.47 
1297 1428.8 
1298 1426 
1299 1423.06 
1300 1419.98 
1301 1416.76 
1302 1413.4 
1303 1409.91 
1304 1406.29 
1305 1402.54 
1306 1398.66 
1307 1394.65 
1308 1390.52 
1309 1386.27 
1310 1381.89 
1311 1377.4 
1312 1372.8 
1313 1368.08 
1314 1363.24 
1315 1358.3 
1316 1353.25 
1317 1348.1 
1318 1342.85 
1319 1337.49 
1320 1332.04 
1321 1326.49 
1322 1320.84 
1323 1315.11 
1324 1309.29 
1325 1303.38 
1326 1297.38 
1327 1291.31 
1328 1285.16 
1329 1278.93 
1330 1272.62 
1331 1266.24 
1332 1259.8 
1333 1253.28 
1334 1246.7 
1335 1240.06 
1336 1233.37 
1337 1226.61 
1338 1219.8 
1339 1212.94 
1340 1206.02 
1341 1199.07 
1342 1192.06 
1343 1185.02 
1344 1177.94 
1345 1170.82 
1346 1163.67 
1347 1156.48 
1348 1149.27 
1349 1142.04 
1350 1134.78 
1351 1127.5 
1352 1120.21 
1353 1112.9 
1354 1105.58 
1355 1098.24 
1356 1090.9 
1357 1083.55 
1358 1076.19 
1359 1068.84 
1360 1061.48 
1361 1054.12 
1362 1046.77 
1363 1039.43 
1364 1032.09 
1365 1024.77 
1366 1017.46 
1367 1010.16 
1368 1002.89 
1369 995.63 
1370 988.397 
1371 981.189 
1372 974.008 
1373 966.857 
1374 959.739 
1375 952.655 
1376 945.608 
1377 938.601 
1378 931.636 
1379 924.715 
1380 917.842 
1381 911.018 
1382 904.246 
1383 897.528 
1384 890.867 
1385 884.266 
1386 877.727 
1387 871.253 
1388 864.846 
1389 858.51 
1390 852.245 
1391 846.056 
1392 839.944 
1393 833.913 
1394 827.965 
1395 822.103 
1396 816.329 
1397 810.646 
1398 805.058 
1399 799.565 
1400 794.173 
1401 788.882 
1402 783.692 
1403 778.605 
1404 773.619 
1405 768.735 
1406 763.951 
1407 759.269 
1408 754.687 
1409 750.206 
1410 745.825 
1411 741.544 
1412 737.363 
1413 733.282 
1414 729.3 
1415 725.417 
1416 721.633 
1417 717.948 
1418 714.361 
1419 710.872 
1420 707.481 
1421 704.188 
1422 700.993 
1423 697.894 
1424 694.893 
1425 691.988 
1426 689.179 
1427 686.467 
1428 683.85 
1429 681.329 
1430 678.903 
1431 676.572 
1432 674.336 
1433 672.194 
1434 670.146 
1435 668.192 
1436 666.331 
1437 664.564 
1438 662.889 
1439 661.307 
1440 659.817 
1441 658.419 
1442 657.113 
1443 655.898 
1444 654.774 
1445 653.74 
1446 652.797 
1447 651.943 
1448 651.179 
1449 650.505 
1450 649.919 
1451 649.421 
1452 649.01 
1453 648.686 
1454 648.445 
1455 648.287 
1456 648.21 
1457 648.213 
1458 648.294 
1459 648.452 
1460 648.686 
1461 648.993 
1462 649.372 
1463 649.823 
1464 650.342 
1465 650.929 
1466 651.582 
1467 652.299 
1468 653.08 
1469 653.922 
1470 654.823 
1471 655.783 
1472 656.799 
1473 657.87 
1474 658.994 
1475 660.17 
1476 661.395 
1477 662.669 
1478 663.99 
1479 665.355 
1480 666.764 
1481 668.214 
1482 669.703 
1483 671.231 
1484 672.795 
1485 674.394 
1486 676.025 
1487 677.688 
1488 679.379 
1489 681.098 
1490 682.843 
1491 684.611 
1492 686.402 
1493 688.213 
1494 690.042 
1495 691.887 
1496 693.748 
1497 695.621 
1498 697.505 
1499 699.397 
1500 701.297 
1501 703.203 
1502 705.112 
1503 707.023 
1504 708.936 
1505 710.848 
1506 712.759 
1507 714.666 
1508 716.569 
1509 718.466 
1510 720.355 
1511 722.235 
1512 724.106 
1513 725.964 
1514 727.809 
1515 729.639 
1516 731.454 
1517 733.25 
1518 735.027 
1519 736.784 
1520 738.519 
1521 740.229 
1522 741.915 
1523 743.574 
1524 745.204 
1525 746.805 
1526 748.374 
1527 749.91 
1528 751.412 
1529 752.878 
1530 754.306 
1531 755.695 
1532 757.043 
1533 758.348 
1534 759.609 
1535 760.825 
1536 761.993 
1537 763.112 
1538 764.181 
1539 765.197 
1540 766.159 
1541 767.066 
1542 767.915 
1543 768.705 
1544 769.435 
1545 770.102 
1546 770.705 
1547 771.243 
1548 771.713 
1549 772.113 
1550 772.443 
1551 772.7 
1552 772.885 
1553 772.998 
1554 773.039 
1555 773.01 
1556 772.91 
1557 772.74 
1558 772.501 
1559 772.192 
1560 771.815 
1561 771.37 
1562 770.857 
1563 770.277 
1564 769.631 
1565 768.919 
1566 768.14 
1567 767.297 
1568 766.389 
1569 765.417 
1570 764.382 
1571 763.283 
1572 762.122 
1573 760.899 
1574 759.614 
1575 758.269 
1576 756.863 
1577 755.397 
1578 753.871 
1579 752.287 
1580 750.645 
1581 748.945 
1582 747.188 
1583 745.375 
1584 743.505 
1585 741.58 
1586 739.6 
1587 737.566 
1588 735.478 
1589 733.337 
1590 731.144 
1591 728.898 
1592 726.601 
1593 724.254 
1594 721.856 
1595 719.409 
1596 716.912 
1597 714.368 
1598 711.776 
1599 709.136 
1600 706.451 
1601 703.719 
1602 700.943 
1603 698.124 
1604 695.263 
1605 692.363 
1606 689.423 
1607 686.446 
1608 683.433 
1609 680.386 
1610 677.305 
1611 674.193 
1612 671.051 
1613 667.88 
1614 664.683 
1615 661.459 
1616 658.212 
1617 654.942 
1618 651.65 
1619 648.339 
1620 645.01 
1621 641.665 
1622 638.305 
1623 634.931 
1624 631.545 
1625 628.149 
1626 624.745 
1627 621.333 
1628 617.916 
1629 614.495 
1630 611.071 
1631 607.647 
1632 604.224 
1633 600.803 
1634 597.387 
1635 593.976 
1636 590.573 
1637 587.18 
1638 583.797 
1639 580.426 
1640 577.07 
1641 573.73 
1642 570.407 
1643 567.104 
1644 563.821 
1645 560.562 
1646 557.327 
1647 554.118 
1648 550.938 
1649 547.787 
1650 544.668 
1651 541.581 
1652 538.529 
1653 535.51 
1654 532.526 
1655 529.577 
1656 526.662 
1657 523.783 
1658 520.94 
1659 518.132 
1660 515.361 
1661 512.627 
1662 509.93 
1663 507.27 
1664 504.648 
1665 502.064 
1666 499.518 
1667 497.012 
1668 494.544 
1669 492.116 
1670 489.728 
1671 487.38 
1672 485.072 
1673 482.806 
1674 480.581 
1675 478.397 
1676 476.255 
1677 474.156 
1678 472.1 
1679 470.086 
1680 468.117 
1681 466.19 
1682 464.309 
1683 462.471 
1684 460.679 
1685 458.932 
1686 457.23 
1687 455.575 
1688 453.966 
1689 452.404 
1690 450.888 
1691 449.421 
1692 448.001 
1693 446.63 
1694 445.308 
1695 444.034 
1696 442.81 
1697 441.636 
1698 440.512 
1699 439.438 
1700 438.416 
1701 437.445 
1702 436.524 
1703 435.654 
1704 434.834 
1705 434.063 
1706 433.341 
1707 432.666 
1708 432.04 
1709 431.46 
1710 430.927 
1711 430.44 
1712 429.999 
1713 429.602 
1714 429.249 
1715 428.94 
1716 428.674 
1717 428.451 
1718 428.27 
1719 428.13 
1720 428.03 
1721 427.971 
1722 427.952 
1723 427.971 
1724 428.029 
1725 428.125 
1726 428.258 
1727 428.427 
1728 428.632 
1729 428.873 
1730 429.148 
1731 429.458 
1732 429.801 
1733 430.177 
1734 430.585 
1735 431.024 
1736 431.495 
1737 431.996 
1738 432.526 
1739 433.085 
1740 433.673 
1741 434.289 
1742 434.931 
1743 435.6 
1744 436.294 
1745 437.014 
1746 437.758 
1747 438.525 
1748 439.316 
1749 440.129 
1750 440.963 
1751 441.818 
1752 442.694 
1753 443.589 
1754 444.502 
1755 445.433 
1756 446.381 
1757 447.346 
1758 448.325 
1759 449.319 
1760 450.327 
1761 451.348 
1762 452.381 
1763 453.424 
1764 454.479 
1765 455.543 
1766 456.615 
1767 457.696 
1768 458.783 
1769 459.877 
1770 460.976 
1771 462.079 
1772 463.186 
1773 464.295 
1774 465.407 
1775 466.519 
1776 467.632 
1777 468.743 
1778 469.853 
1779 470.961 
1780 472.064 
1781 473.164 
1782 474.258 
1783 475.346 
1784 476.427 
1785 477.5 
1786 478.563 
1787 479.617 
1788 480.66 
1789 481.692 
1790 482.71 
1791 483.715 
1792 484.706 
1793 485.681 
1794 486.639 
1795 487.58 
1796 488.503 
1797 489.406 
1798 490.289 
1799 491.151 
1800 491.99 
1801 492.806 
1802 493.598 
1803 494.367 
1804 495.111 
1805 495.829 
1806 496.523 
1807 497.191 
1808 497.832 
1809 498.447 
1810 499.034 
1811 499.594 
1812 500.126 
1813 500.63 
1814 501.105 
1815 501.55 
1816 501.966 
1817 502.352 
1818 502.707 
1819 503.031 
1820 503.323 
1821 503.583 
1822 503.811 
1823 504.006 
1824 504.168 
1825 504.296 
1826 504.39 
1827 504.449 
1828 504.472 
1829 504.46 
1830 504.412 
1831 504.328 
1832 504.206 
1833 504.047 
1834 503.85 
1835 503.614 
1836 503.34 
1837 503.026 
1838 502.672 
1839 502.277 
1840 501.842 
1841 501.366 
1842 500.847 
1843 500.287 
1844 499.683 
1845 499.037 
1846 498.346 
1847 497.611 
1848 496.831 
1849 496.007 
1850 495.136 
1851 494.219 
1852 493.257 
1853 492.249 
1854 491.196 
1855 490.1 
1856 488.96 
1857 487.776 
1858 486.551 
1859 485.283 
1860 483.974 
1861 482.624 
1862 481.234 
1863 479.804 
1864 478.335 
1865 476.828 
1866 475.282 
1867 473.699 
1868 472.079 
1869 470.423 
1870 468.732 
1871 467.005 
1872 465.244 
1873 463.448 
1874 461.62 
1875 459.759 
1876 457.865 
1877 455.94 
1878 453.984 
1879 451.998 
1880 449.983 
1881 447.938 
1882 445.864 
1883 443.763 
1884 441.635 
1885 439.48 
1886 437.299 
1887 435.093 
1888 432.862 
1889 430.607 
1890 428.329 
1891 426.027 
1892 423.704 
1893 421.359 
1894 418.994 
1895 416.608 
1896 414.203 
1897 411.779 
1898 409.337 
1899 406.877 
1900 404.401 
1901 401.908 
1902 399.4 
1903 396.878 
1904 394.344 
1905 391.797 
1906 389.239 
1907 386.672 
1908 384.096 
1909 381.512 
1910 378.922 
1911 376.327 
1912 373.727 
1913 371.124 
1914 368.519 
1915 365.913 
1916 363.307 
1917 360.702 
1918 358.099 
1919 355.501 
1920 352.906 
1921 350.318 
1922 347.736 
1923 345.163 
1924 342.599 
1925 340.045 
1926 337.503 
1927 334.973 
1928 332.458 
1929 329.958 
1930 327.473 
1931 325.007 
1932 322.559 
1933 320.131 
1934 317.723 
1935 315.339 
1936 312.977 
1937 310.641 
1938 308.33 
1939 306.046 
1940 303.791 
1941 301.565 
1942 299.371 
1943 297.208 
1944 295.079 
1945 292.984 
1946 290.925 
1947 288.904 
1948 286.921 
1949 284.977 
1950 283.074 
1951 281.214 
1952 279.394 
1953 277.616 
1954 275.877 
1955 274.177 
1956 272.516 
1957 270.892 
1958 269.304 
1959 267.753 
1960 266.236 
1961 264.753 
1962 263.304 
1963 261.888 
1964 260.502 
1965 259.148 
1966 257.824 
1967 256.529 
1968 255.262 
1969 254.022 
1970 252.809 
1971 251.622 
1972 250.459 
1973 249.321 
1974 248.205 
1975 247.112 
1976 246.04 
1977 244.988 
1978 243.956 
1979 242.943 
1980 241.947 
1981 240.968 
1982 240.005 
1983 239.057 
1984 238.123 
1985 237.203 
1986 236.294 
1987 235.397 
1988 234.511 
1989 233.634 
1990 232.765 
1991 231.904 
1992 231.05 
1993 230.201 
1994 229.357 
1995 228.517 
1996 227.68 
1997 226.845 
1998 226.01 
1999 225.176 
2000 224.34 
