2 557.676 
3 502.588 
4 469.173 
5 452.276 
6 446.382 
7 448.262 
8 455.802 
9 467.422 
10 482.702 
11 500.349 
12 520.235 
13 541.521 
14 564.485 
15 588.962 
16 613.887 
17 639.462 
18 666.115 
19 693.911 
20 722.462 
21 751.107 
22 779.856 
23 808.873 
24 838.22 
25 867.834 
26 897.58 
27 927.479 
28 957.554 
29 987.764 
30 1017.99 
31 1048.08 
32 1078.07 
33 1108.04 
34 1138.04 
35 1168.12 
36 1198.29 
37 1228.55 
38 1258.88 
39 1289.2 
40 1319.42 
41 1349.43 
42 1379.26 
43 1408.92 
44 1438.45 
45 1467.88 
46 1497.22 
47 1526.49 
48 1555.68 
49 1584.79 
50 1613.82 
51 1642.73 
52 1671.55 
53 1700.3 
54 1728.99 
55 1757.63 
56 1786.24 
57 1814.81 
58 1843.35 
59 1871.85 
60 1900.28 
61 1928.65 
62 1956.95 
63 1985.21 
64 2013.43 
65 2041.64 
66 2069.84 
67 2098.03 
68 2126.23 
69 2154.42 
70 2182.62 
71 2210.82 
72 2239.02 
73 2267.24 
74 2295.48 
75 2323.77 
76 2352.09 
77 2380.46 
78 2408.87 
79 2437.33 
80 2465.84 
81 2494.38 
82 2522.98 
83 2551.62 
84 2580.33 
85 2609.11 
86 2637.96 
87 2666.88 
88 2695.87 
89 2724.94 
90 2754.09 
91 2783.3 
92 2812.58 
93 2841.94 
94 2871.37 
95 2900.88 
96 2930.47 
97 2960.13 
98 2989.85 
99 3019.65 
100 3049.5 
101 3079.4 
102 3109.36 
103 3139.37 
104 3169.44 
105 3199.58 
106 3229.77 
107 3260.03 
108 3290.34 
109 3320.71 
110 3351.14 
111 3381.63 
112 3412.16 
113 3442.73 
114 3473.34 
115 3503.97 
116 3534.63 
117 3565.29 
118 3595.95 
119 3626.6 
120 3657.22 
121 3687.8 
122 3718.34 
123 3748.82 
124 3779.26 
125 3809.63 
126 3839.95 
127 3870.2 
128 3900.38 
129 3930.48 
130 3960.49 
131 3990.42 
132 4020.24 
133 4049.95 
134 4079.54 
135 4109.01 
136 4138.33 
137 4167.5 
138 4196.51 
139 4225.34 
140 4253.97 
141 4282.41 
142 4310.63 
143 4338.63 
144 4366.41 
145 4393.96 
146 4421.26 
147 4448.31 
148 4475.11 
149 4501.64 
150 4527.9 
151 4553.86 
152 4579.54 
153 4604.91 
154 4629.96 
155 4654.69 
156 4679.07 
157 4703.11 
158 4726.78 
159 4750.08 
160 4772.98 
161 4795.49 
162 4817.58 
163 4839.26 
164 4860.51 
165 4881.33 
166 4901.71 
167 4921.65 
168 4941.13 
169 4960.14 
170 4978.69 
171 4996.76 
172 5014.35 
173 5031.44 
174 5048.03 
175 5064.1 
176 5079.66 
177 5094.69 
178 5109.17 
179 5123.12 
180 5136.5 
181 5149.32 
182 5161.57 
183 5173.24 
184 5184.33 
185 5194.84 
186 5204.76 
187 5214.08 
188 5222.81 
189 5230.94 
190 5238.46 
191 5245.36 
192 5251.66 
193 5257.33 
194 5262.39 
195 5266.81 
196 5270.61 
197 5273.77 
198 5276.29 
199 5278.18 
200 5279.41 
201 5280 
202 5279.94 
203 5279.23 
204 5277.87 
205 5275.86 
206 5273.2 
207 5269.89 
208 5265.94 
209 5261.34 
210 5256.09 
211 5250.21 
212 5243.68 
213 5236.51 
214 5228.7 
215 5220.25 
216 5211.18 
217 5201.47 
218 5191.14 
219 5180.18 
220 5168.6 
221 5156.4 
222 5143.59 
223 5130.17 
224 5116.15 
225 5101.52 
226 5086.3 
227 5070.48 
228 5054.08 
229 5037.11 
230 5019.55 
231 5001.44 
232 4982.76 
233 4963.53 
234 4943.76 
235 4923.45 
236 4902.6 
237 4881.24 
238 4859.36 
239 4836.98 
240 4814.11 
241 4790.74 
242 4766.9 
243 4742.59 
244 4717.83 
245 4692.62 
246 4666.97 
247 4640.9 
248 4614.41 
249 4587.52 
250 4560.24 
251 4532.58 
252 4504.55 
253 4476.16 
254 4447.42 
255 4418.35 
256 4388.94 
257 4359.22 
258 4329.19 
259 4298.86 
260 4268.25 
261 4237.36 
262 4206.21 
263 4174.81 
264 4143.18 
265 4111.31 
266 4079.24 
267 4046.96 
268 4014.5 
269 3981.86 
270 3949.07 
271 3916.12 
272 3883.05 
273 3849.85 
274 3816.55 
275 3783.16 
276 3749.7 
277 3716.17 
278 3682.6 
279 3648.98 
280 3615.34 
281 3581.68 
282 3548.02 
283 3514.36 
284 3480.73 
285 3447.14 
286 3413.59 
287 3380.1 
288 3346.69 
289 3313.36 
290 3280.13 
291 3247.02 
292 3214.03 
293 3181.18 
294 3148.49 
295 3115.97 
296 3083.63 
297 3051.49 
298 3019.56 
299 2987.85 
300 2956.39 
301 2925.18 
302 2894.24 
303 2863.57 
304 2833.17 
305 2803.06 
306 2773.25 
307 2743.73 
308 2714.52 
309 2685.62 
310 2657.04 
311 2628.79 
312 2600.88 
313 2573.3 
314 2546.07 
315 2519.19 
316 2492.68 
317 2466.53 
318 2440.75 
319 2415.35 
320 2390.34 
321 2365.71 
322 2341.48 
323 2317.66 
324 2294.24 
325 2271.23 
326 2248.65 
327 2226.48 
328 2204.75 
329 2183.45 
330 2162.6 
331 2142.18 
332 2122.22 
333 2102.71 
334 2083.66 
335 2065.08 
336 2046.96 
337 2029.32 
338 2012.15 
339 1995.47 
340 1979.27 
341 1963.56 
342 1948.34 
343 1933.62 
344 1919.4 
345 1905.68 
346 1892.47 
347 1879.77 
348 1867.58 
349 1855.91 
350 1844.76 
351 1834.13 
352 1824.02 
353 1814.43 
354 1805.36 
355 1796.8 
356 1788.76 
357 1781.24 
358 1774.23 
359 1767.72 
360 1761.73 
361 1756.23 
362 1751.24 
363 1746.75 
364 1742.75 
365 1739.25 
366 1736.23 
367 1733.69 
368 1731.63 
369 1730.05 
370 1728.93 
371 1728.28 
372 1728.09 
373 1728.35 
374 1729.06 
375 1730.22 
376 1731.8 
377 1733.82 
378 1736.25 
379 1739.1 
380 1742.36 
381 1746.02 
382 1750.07 
383 1754.5 
384 1759.31 
385 1764.48 
386 1770.02 
387 1775.9 
388 1782.11 
389 1788.66 
390 1795.53 
391 1802.7 
392 1810.17 
393 1817.93 
394 1825.96 
395 1834.26 
396 1842.8 
397 1851.59 
398 1860.61 
399 1869.84 
400 1879.27 
401 1888.89 
402 1898.69 
403 1908.67 
404 1918.83 
405 1929.15 
406 1939.64 
407 1950.29 
408 1961.08 
409 1972.02 
410 1983.11 
411 1994.32 
412 2005.67 
413 2017.13 
414 2028.71 
415 2040.41 
416 2052.2 
417 2064.08 
418 2076.06 
419 2088.12 
420 2100.25 
421 2112.44 
422 2124.7 
423 2137 
424 2149.35 
425 2161.74 
426 2174.15 
427 2186.58 
428 2199.01 
429 2211.45 
430 2223.89 
431 2236.3 
432 2248.69 
433 2261.05 
434 2273.36 
435 2285.61 
436 2297.8 
437 2309.92 
438 2321.96 
439 2333.9 
440 2345.73 
441 2357.45 
442 2369.04 
443 2380.5 
444 2391.81 
445 2402.96 
446 2413.94 
447 2424.73 
448 2435.33 
449 2445.73 
450 2455.9 
451 2465.85 
452 2475.57 
453 2485.05 
454 2494.3 
455 2503.32 
456 2512.1 
457 2520.64 
458 2528.95 
459 2537.02 
460 2544.86 
461 2552.45 
462 2559.81 
463 2566.92 
464 2573.79 
465 2580.43 
466 2586.82 
467 2592.97 
468 2598.87 
469 2604.54 
470 2609.96 
471 2615.13 
472 2620.06 
473 2624.75 
474 2629.19 
475 2633.39 
476 2637.34 
477 2641.04 
478 2644.5 
479 2647.72 
480 2650.69 
481 2653.41 
482 2655.89 
483 2658.12 
484 2660.1 
485 2661.84 
486 2663.34 
487 2664.58 
488 2665.59 
489 2666.35 
490 2666.86 
491 2667.13 
492 2667.15 
493 2666.94 
494 2666.47 
495 2665.77 
496 2664.82 
497 2663.63 
498 2662.2 
499 2660.53 
500 2658.62 
501 2656.48 
502 2654.09 
503 2651.48 
504 2648.64 
505 2645.57 
506 2642.29 
507 2638.8 
508 2635.1 
509 2631.19 
510 2627.09 
511 2622.79 
512 2618.31 
513 2613.64 
514 2608.8 
515 2603.78 
516 2598.6 
517 2593.25 
518 2587.75 
519 2582.1 
520 2576.31 
521 2570.38 
522 2564.32 
523 2558.13 
524 2551.82 
525 2545.4 
526 2538.88 
527 2532.25 
528 2525.54 
529 2518.74 
530 2511.86 
531 2504.91 
532 2497.89 
533 2490.82 
534 2483.69 
535 2476.53 
536 2469.33 
537 2462.11 
538 2454.86 
539 2447.61 
540 2440.35 
541 2433.1 
542 2425.86 
543 2418.65 
544 2411.46 
545 2404.32 
546 2397.22 
547 2390.18 
548 2383.2 
549 2376.31 
550 2369.49 
551 2362.77 
552 2356.15 
553 2349.62 
554 2343.2 
555 2336.89 
556 2330.68 
557 2324.59 
558 2318.62 
559 2312.76 
560 2307.03 
561 2301.43 
562 2295.95 
563 2290.61 
564 2285.41 
565 2280.34 
566 2275.42 
567 2270.65 
568 2266.03 
569 2261.56 
570 2257.25 
571 2253.11 
572 2249.13 
573 2245.32 
574 2241.68 
575 2238.22 
576 2234.94 
577 2231.85 
578 2228.94 
579 2226.23 
580 2223.71 
581 2221.4 
582 2219.29 
583 2217.39 
584 2215.7 
585 2214.22 
586 2212.97 
587 2211.95 
588 2211.15 
589 2210.58 
590 2210.26 
591 2210.18 
592 2210.34 
593 2210.75 
594 2211.42 
595 2212.35 
596 2213.54 
597 2215 
598 2216.73 
599 2218.74 
600 2221.04 
601 2223.62 
602 2226.48 
603 2229.62 
604 2233.05 
605 2236.75 
606 2240.72 
607 2244.96 
608 2249.47 
609 2254.25 
610 2259.29 
611 2264.59 
612 2270.14 
613 2275.95 
614 2282.01 
615 2288.31 
616 2294.85 
617 2301.64 
618 2308.66 
619 2315.91 
620 2323.39 
621 2331.1 
622 2339.03 
623 2347.17 
624 2355.53 
625 2364.1 
626 2372.87 
627 2381.84 
628 2391.01 
629 2400.37 
630 2409.93 
631 2419.66 
632 2429.58 
633 2439.67 
634 2449.93 
635 2460.35 
636 2470.94 
637 2481.68 
638 2492.57 
639 2503.61 
640 2514.79 
641 2526.11 
642 2537.56 
643 2549.13 
644 2560.82 
645 2572.63 
646 2584.54 
647 2596.56 
648 2608.68 
649 2620.89 
650 2633.18 
651 2645.56 
652 2658.01 
653 2670.53 
654 2683.11 
655 2695.75 
656 2708.45 
657 2721.2 
658 2733.98 
659 2746.81 
660 2759.66 
661 2772.54 
662 2785.44 
663 2798.35 
664 2811.27 
665 2824.19 
666 2837.1 
667 2850 
668 2862.89 
669 2875.74 
670 2888.57 
671 2901.36 
672 2914.11 
673 2926.8 
674 2939.44 
675 2952.01 
676 2964.51 
677 2976.93 
678 2989.27 
679 3001.51 
680 3013.66 
681 3025.69 
682 3037.61 
683 3049.41 
684 3061.08 
685 3072.61 
686 3083.99 
687 3095.22 
688 3106.29 
689 3117.2 
690 3127.92 
691 3138.46 
692 3148.81 
693 3158.95 
694 3168.89 
695 3178.6 
696 3188.09 
697 3197.35 
698 3206.36 
699 3215.12 
700 3223.61 
701 3231.84 
702 3239.8 
703 3247.48 
704 3254.89 
705 3262.02 
706 3268.87 
707 3275.44 
708 3281.74 
709 3287.75 
710 3293.47 
711 3298.92 
712 3304.07 
713 3308.94 
714 3313.52 
715 3317.81 
716 3321.8 
717 3325.5 
718 3328.91 
719 3332.02 
720 3334.83 
721 3337.35 
722 3339.56 
723 3341.47 
724 3343.08 
725 3344.38 
726 3345.38 
727 3346.07 
728 3346.45 
729 3346.52 
730 3346.28 
731 3345.73 
732 3344.86 
733 3343.67 
734 3342.17 
735 3340.36 
736 3338.22 
737 3335.76 
738 3332.98 
739 3329.87 
740 3326.44 
741 3322.69 
742 3318.61 
743 3314.19 
744 3309.45 
745 3304.38 
746 3298.98 
747 3293.24 
748 3287.16 
749 3280.75 
750 3274 
751 3266.92 
752 3259.5 
753 3251.75 
754 3243.67 
755 3235.27 
756 3226.55 
757 3217.52 
758 3208.18 
759 3198.53 
760 3188.58 
761 3178.34 
762 3167.81 
763 3156.98 
764 3145.88 
765 3134.5 
766 3122.85 
767 3110.92 
768 3098.74 
769 3086.3 
770 3073.61 
771 3060.67 
772 3047.49 
773 3034.07 
774 3020.42 
775 3006.54 
776 2992.45 
777 2978.14 
778 2963.62 
779 2948.9 
780 2933.98 
781 2918.87 
782 2903.57 
783 2888.1 
784 2872.45 
785 2856.63 
786 2840.65 
787 2824.52 
788 2808.24 
789 2791.82 
790 2775.26 
791 2758.57 
792 2741.76 
793 2724.83 
794 2707.79 
795 2690.66 
796 2673.42 
797 2656.1 
798 2638.7 
799 2621.22 
800 2603.68 
801 2586.07 
802 2568.41 
803 2550.7 
804 2532.94 
805 2515.15 
806 2497.32 
807 2479.46 
808 2461.57 
809 2443.66 
810 2425.74 
811 2407.81 
812 2389.88 
813 2371.95 
814 2354.02 
815 2336.1 
816 2318.21 
817 2300.33 
818 2282.49 
819 2264.68 
820 2246.91 
821 2229.18 
822 2211.51 
823 2193.89 
824 2176.34 
825 2158.85 
826 2141.44 
827 2124.12 
828 2106.88 
829 2089.73 
830 2072.68 
831 2055.74 
832 2038.92 
833 2022.21 
834 2005.62 
835 1989.17 
836 1972.85 
837 1956.68 
838 1940.67 
839 1924.8 
840 1909.11 
841 1893.58 
842 1878.24 
843 1863.08 
844 1848.11 
845 1833.34 
846 1818.77 
847 1804.42 
848 1790.29 
849 1776.39 
850 1762.72 
851 1749.29 
852 1736.11 
853 1723.17 
854 1710.47 
855 1698.01 
856 1685.8 
857 1673.84 
858 1662.12 
859 1650.64 
860 1639.41 
861 1628.43 
862 1617.69 
863 1607.2 
864 1596.96 
865 1586.96 
866 1577.21 
867 1567.71 
868 1558.46 
869 1549.45 
870 1540.7 
871 1532.19 
872 1523.93 
873 1515.92 
874 1508.17 
875 1500.66 
876 1493.4 
877 1486.39 
878 1479.63 
879 1473.12 
880 1466.86 
881 1460.85 
882 1455.09 
883 1449.58 
884 1444.32 
885 1439.32 
886 1434.56 
887 1430.06 
888 1425.81 
889 1421.8 
890 1418.05 
891 1414.55 
892 1411.3 
893 1408.3 
894 1405.55 
895 1403.06 
896 1400.81 
897 1398.81 
898 1397.07 
899 1395.57 
900 1394.33 
901 1393.33 
902 1392.59 
903 1392.08 
904 1391.81 
905 1391.78 
906 1391.98 
907 1392.41 
908 1393.06 
909 1393.93 
910 1395.02 
911 1396.32 
912 1397.82 
913 1399.53 
914 1401.44 
915 1403.54 
916 1405.83 
917 1408.31 
918 1410.98 
919 1413.81 
920 1416.83 
921 1420.01 
922 1423.35 
923 1426.85 
924 1430.51 
925 1434.32 
926 1438.27 
927 1442.37 
928 1446.59 
929 1450.95 
930 1455.44 
931 1460.04 
932 1464.77 
933 1469.6 
934 1474.54 
935 1479.57 
936 1484.7 
937 1489.93 
938 1495.23 
939 1500.62 
940 1506.08 
941 1511.6 
942 1517.19 
943 1522.84 
944 1528.54 
945 1534.28 
946 1540.07 
947 1545.88 
948 1551.73 
949 1557.6 
950 1563.48 
951 1569.38 
952 1575.28 
953 1581.19 
954 1587.1 
955 1593.01 
956 1598.91 
957 1604.8 
958 1610.68 
959 1616.55 
960 1622.39 
961 1628.22 
962 1634.02 
963 1639.78 
964 1645.52 
965 1651.22 
966 1656.88 
967 1662.5 
968 1668.07 
969 1673.59 
970 1679.05 
971 1684.46 
972 1689.81 
973 1695.09 
974 1700.3 
975 1705.44 
976 1710.5 
977 1715.48 
978 1720.37 
979 1725.18 
980 1729.9 
981 1734.52 
982 1739.04 
983 1743.45 
984 1747.76 
985 1751.95 
986 1756.03 
987 1759.99 
988 1763.82 
989 1767.52 
990 1771.09 
991 1774.52 
992 1777.81 
993 1780.95 
994 1783.95 
995 1786.78 
996 1789.46 
997 1791.98 
998 1794.33 
999 1796.5 
1000 1798.5 
1001 1800.31 
1002 1801.95 
1003 1803.4 
1004 1804.68 
1005 1805.78 
1006 1806.7 
1007 1807.45 
1008 1808.02 
1009 1808.42 
1010 1808.65 
1011 1808.7 
1012 1808.59 
1013 1808.3 
1014 1807.85 
1015 1807.24 
1016 1806.45 
1017 1805.51 
1018 1804.4 
1019 1803.13 
1020 1801.7 
1021 1800.11 
1022 1798.36 
1023 1796.45 
1024 1794.4 
1025 1792.18 
1026 1789.82 
1027 1787.3 
1028 1784.64 
1029 1781.82 
1030 1778.86 
1031 1775.76 
1032 1772.51 
1033 1769.12 
1034 1765.58 
1035 1761.91 
1036 1758.1 
1037 1754.16 
1038 1750.08 
1039 1745.86 
1040 1741.52 
1041 1737.04 
1042 1732.44 
1043 1727.71 
1044 1722.85 
1045 1717.87 
1046 1712.77 
1047 1707.55 
1048 1702.21 
1049 1696.76 
1050 1691.18 
1051 1685.5 
1052 1679.71 
1053 1673.81 
1054 1667.8 
1055 1661.7 
1056 1655.49 
1057 1649.2 
1058 1642.81 
1059 1636.33 
1060 1629.77 
1061 1623.13 
1062 1616.4 
1063 1609.61 
1064 1602.74 
1065 1595.81 
1066 1588.81 
1067 1581.74 
1068 1574.63 
1069 1567.45 
1070 1560.23 
1071 1552.96 
1072 1545.64 
1073 1538.29 
1074 1530.9 
1075 1523.48 
1076 1516.02 
1077 1508.55 
1078 1501.05 
1079 1493.53 
1080 1486 
1081 1478.46 
1082 1470.91 
1083 1463.37 
1084 1455.82 
1085 1448.28 
1086 1440.74 
1087 1433.23 
1088 1425.73 
1089 1418.25 
1090 1410.79 
1091 1403.37 
1092 1395.98 
1093 1388.63 
1094 1381.32 
1095 1374.06 
1096 1366.85 
1097 1359.69 
1098 1352.59 
1099 1345.56 
1100 1338.6 
1101 1331.71 
1102 1324.89 
1103 1318.15 
1104 1311.48 
1105 1304.89 
1106 1298.39 
1107 1291.96 
1108 1285.62 
1109 1279.37 
1110 1273.2 
1111 1267.12 
1112 1261.13 
1113 1255.23 
1114 1249.43 
1115 1243.72 
1116 1238.11 
1117 1232.59 
1118 1227.18 
1119 1221.86 
1120 1216.66 
1121 1211.55 
1122 1206.55 
1123 1201.66 
1124 1196.88 
1125 1192.22 
1126 1187.66 
1127 1183.23 
1128 1178.91 
1129 1174.7 
1130 1170.62 
1131 1166.66 
1132 1162.83 
1133 1159.12 
1134 1155.54 
1135 1152.09 
1136 1148.78 
1137 1145.59 
1138 1142.54 
1139 1139.63 
1140 1136.86 
1141 1134.22 
1142 1131.73 
1143 1129.39 
1144 1127.19 
1145 1125.14 
1146 1123.24 
1147 1121.5 
1148 1119.91 
1149 1118.47 
1150 1117.19 
1151 1116.08 
1152 1115.12 
1153 1114.31 
1154 1113.67 
1155 1113.17 
1156 1112.83 
1157 1112.63 
1158 1112.58 
1159 1112.68 
1160 1112.92 
1161 1113.29 
1162 1113.81 
1163 1114.47 
1164 1115.25 
1165 1116.18 
1166 1117.23 
1167 1118.41 
1168 1119.71 
1169 1121.14 
1170 1122.69 
1171 1124.36 
1172 1126.15 
1173 1128.05 
1174 1130.06 
1175 1132.18 
1176 1134.42 
1177 1136.75 
1178 1139.2 
1179 1141.74 
1180 1144.38 
1181 1147.11 
1182 1149.94 
1183 1152.86 
1184 1155.87 
1185 1158.97 
1186 1162.15 
1187 1165.41 
1188 1168.75 
1189 1172.16 
1190 1175.65 
1191 1179.21 
1192 1182.84 
1193 1186.54 
1194 1190.29 
1195 1194.11 
1196 1197.99 
1197 1201.92 
1198 1205.9 
1199 1209.93 
1200 1214.01 
1201 1218.13 
1202 1222.3 
1203 1226.5 
1204 1230.74 
1205 1235.01 
1206 1239.32 
1207 1243.65 
1208 1248.01 
1209 1252.39 
1210 1256.8 
1211 1261.22 
1212 1265.66 
1213 1270.11 
1214 1274.57 
1215 1279.04 
1216 1283.51 
1217 1287.99 
1218 1292.47 
1219 1296.94 
1220 1301.41 
1221 1305.87 
1222 1310.31 
1223 1314.74 
1224 1319.16 
1225 1323.55 
1226 1327.92 
1227 1332.27 
1228 1336.58 
1229 1340.86 
1230 1345.11 
1231 1349.32 
1232 1353.49 
1233 1357.62 
1234 1361.7 
1235 1365.72 
1236 1369.7 
1237 1373.62 
1238 1377.48 
1239 1381.27 
1240 1385 
1241 1388.66 
1242 1392.25 
1243 1395.77 
1244 1399.2 
1245 1402.56 
1246 1405.82 
1247 1409 
1248 1412.09 
1249 1415.08 
1250 1417.98 
1251 1420.77 
1252 1423.46 
1253 1426.05 
1254 1428.53 
1255 1430.91 
1256 1433.19 
1257 1435.35 
1258 1437.42 
1259 1439.37 
1260 1441.21 
1261 1442.95 
1262 1444.58 
1263 1446.1 
1264 1447.5 
1265 1448.8 
1266 1449.98 
1267 1451.05 
1268 1452.01 
1269 1452.85 
1270 1453.57 
1271 1454.18 
1272 1454.68 
1273 1455.05 
1274 1455.31 
1275 1455.45 
1276 1455.47 
1277 1455.37 
1278 1455.15 
1279 1454.81 
1280 1454.34 
1281 1453.75 
1282 1453.04 
1283 1452.2 
1284 1451.24 
1285 1450.15 
1286 1448.93 
1287 1447.59 
1288 1446.12 
1289 1444.51 
1290 1442.78 
1291 1440.92 
1292 1438.92 
1293 1436.8 
1294 1434.54 
1295 1432.14 
1296 1429.62 
1297 1426.95 
1298 1424.15 
1299 1421.22 
1300 1418.14 
1301 1414.93 
1302 1411.58 
1303 1408.09 
1304 1404.48 
1305 1400.73 
1306 1396.86 
1307 1392.85 
1308 1388.73 
1309 1384.48 
1310 1380.11 
1311 1375.63 
1312 1371.02 
1313 1366.31 
1314 1361.48 
1315 1356.55 
1316 1351.5 
1317 1346.35 
1318 1341.1 
1319 1335.75 
1320 1330.3 
1321 1324.76 
1322 1319.12 
1323 1313.39 
1324 1307.58 
1325 1301.67 
1326 1295.68 
1327 1289.61 
1328 1283.47 
1329 1277.24 
1330 1270.94 
1331 1264.57 
1332 1258.13 
1333 1251.62 
1334 1245.04 
1335 1238.41 
1336 1231.71 
1337 1224.96 
1338 1218.16 
1339 1211.3 
1340 1204.39 
1341 1197.44 
1342 1190.44 
1343 1183.4 
1344 1176.32 
1345 1169.21 
1346 1162.06 
1347 1154.88 
1348 1147.68 
1349 1140.44 
1350 1133.19 
1351 1125.92 
1352 1118.63 
1353 1111.32 
1354 1104 
1355 1096.67 
1356 1089.33 
1357 1081.98 
1358 1074.63 
1359 1067.28 
1360 1059.93 
1361 1052.57 
1362 1045.23 
1363 1037.89 
1364 1030.56 
1365 1023.23 
1366 1015.93 
1367 1008.64 
1368 1001.36 
1369 994.11 
1370 986.88 
1371 979.675 
1372 972.498 
1373 965.35 
1374 958.235 
1375 951.154 
1376 944.111 
1377 937.107 
1378 930.145 
1379 923.228 
1380 916.358 
1381 909.537 
1382 902.768 
1383 896.053 
1384 889.396 
1385 882.798 
1386 876.262 
1387 869.791 
1388 863.388 
1389 857.054 
1390 850.792 
1391 844.606 
1392 838.498 
1393 832.47 
1394 826.525 
1395 820.666 
1396 814.895 
1397 809.216 
1398 803.63 
1399 798.141 
1400 792.752 
1401 787.464 
1402 782.278 
1403 777.194 
1404 772.212 
1405 767.331 
1406 762.55 
1407 757.871 
1408 753.293 
1409 748.815 
1410 744.438 
1411 740.16 
1412 735.983 
1413 731.905 
1414 727.926 
1415 724.047 
1416 720.267 
1417 716.585 
1418 713.001 
1419 709.516 
1420 706.129 
1421 702.84 
1422 699.647 
1423 696.552 
1424 693.554 
1425 690.653 
1426 687.848 
1427 685.139 
1428 682.526 
1429 680.008 
1430 677.586 
1431 675.258 
1432 673.025 
1433 670.887 
1434 668.843 
1435 666.892 
1436 665.035 
1437 663.271 
1438 661.6 
1439 660.021 
1440 658.535 
1441 657.14 
1442 655.837 
1443 654.625 
1444 653.504 
1445 652.474 
1446 651.534 
1447 650.684 
1448 649.923 
1449 649.251 
1450 648.669 
1451 648.174 
1452 647.767 
1453 647.445 
1454 647.208 
1455 647.053 
1456 646.979 
1457 646.985 
1458 647.069 
1459 647.23 
1460 647.467 
1461 647.777 
1462 648.159 
1463 648.612 
1464 649.134 
1465 649.724 
1466 650.38 
1467 651.101 
1468 651.884 
1469 652.729 
1470 653.633 
1471 654.595 
1472 655.614 
1473 656.688 
1474 657.815 
1475 658.993 
1476 660.222 
1477 661.498 
1478 662.822 
1479 664.19 
1480 665.601 
1481 667.054 
1482 668.546 
1483 670.077 
1484 671.644 
1485 673.245 
1486 674.879 
1487 676.544 
1488 678.239 
1489 679.96 
1490 681.708 
1491 683.479 
1492 685.272 
1493 687.086 
1494 688.918 
1495 690.766 
1496 692.629 
1497 694.505 
1498 696.392 
1499 698.288 
1500 700.191 
1501 702.099 
1502 704.011 
1503 705.925 
1504 707.841 
1505 709.756 
1506 711.669 
1507 713.58 
1508 715.485 
1509 717.385 
1510 719.278 
1511 721.161 
1512 723.034 
1513 724.896 
1514 726.744 
1515 728.577 
1516 730.394 
1517 732.194 
1518 733.974 
1519 735.734 
1520 737.472 
1521 739.185 
1522 740.874 
1523 742.536 
1524 744.169 
1525 745.773 
1526 747.345 
1527 748.885 
1528 750.39 
1529 751.858 
1530 753.29 
1531 754.681 
1532 756.032 
1533 757.341 
1534 758.605 
1535 759.823 
1536 760.995 
1537 762.117 
1538 763.188 
1539 764.208 
1540 765.173 
1541 766.082 
1542 766.935 
1543 767.728 
1544 768.461 
1545 769.131 
1546 769.737 
1547 770.277 
1548 770.75 
1549 771.153 
1550 771.485 
1551 771.745 
1552 771.933 
1553 772.048 
1554 772.093 
1555 772.066 
1556 771.969 
1557 771.802 
1558 771.565 
1559 771.259 
1560 770.885 
1561 770.442 
1562 769.932 
1563 769.355 
1564 768.711 
1565 768.001 
1566 767.225 
1567 766.384 
1568 765.479 
1569 764.51 
1570 763.476 
1571 762.38 
1572 761.222 
1573 760.001 
1574 758.719 
1575 757.375 
1576 755.972 
1577 754.508 
1578 752.985 
1579 751.404 
1580 749.764 
1581 748.066 
1582 746.311 
1583 744.5 
1584 742.633 
1585 740.71 
1586 738.732 
1587 736.701 
1588 734.615 
1589 732.476 
1590 730.285 
1591 728.042 
1592 725.747 
1593 723.402 
1594 721.006 
1595 718.561 
1596 716.067 
1597 713.525 
1598 710.935 
1599 708.298 
1600 705.614 
1601 702.885 
1602 700.111 
1603 697.294 
1604 694.436 
1605 691.537 
1606 688.599 
1607 685.625 
1608 682.614 
1609 679.569 
1610 676.49 
1611 673.381 
1612 670.241 
1613 667.072 
1614 663.876 
1615 660.655 
1616 657.41 
1617 654.142 
1618 650.853 
1619 647.544 
1620 644.217 
1621 640.874 
1622 637.516 
1623 634.144 
1624 630.761 
1625 627.367 
1626 623.964 
1627 620.555 
1628 617.14 
1629 613.721 
1630 610.299 
1631 606.877 
1632 603.456 
1633 600.038 
1634 596.624 
1635 593.215 
1636 589.814 
1637 586.423 
1638 583.042 
1639 579.674 
1640 576.32 
1641 572.981 
1642 569.661 
1643 566.36 
1644 563.08 
1645 559.822 
1646 556.59 
1647 553.383 
1648 550.205 
1649 547.056 
1650 543.939 
1651 540.855 
1652 537.805 
1653 534.788 
1654 531.806 
1655 528.859 
1656 525.947 
1657 523.07 
1658 520.228 
1659 517.423 
1660 514.654 
1661 511.922 
1662 509.227 
1663 506.57 
1664 503.95 
1665 501.368 
1666 498.824 
1667 496.32 
1668 493.855 
1669 491.429 
1670 489.043 
1671 486.697 
1672 484.391 
1673 482.127 
1674 479.904 
1675 477.723 
1676 475.583 
1677 473.486 
1678 471.432 
1679 469.42 
1680 467.453 
1681 465.529 
1682 463.649 
1683 461.813 
1684 460.023 
1685 458.278 
1686 456.579 
1687 454.925 
1688 453.318 
1689 451.758 
1690 450.245 
1691 448.779 
1692 447.362 
1693 445.992 
1694 444.672 
1695 443.4 
1696 442.178 
1697 441.005 
1698 439.883 
1699 438.812 
1700 437.791 
1701 436.822 
1702 435.903 
1703 435.035 
1704 434.216 
1705 433.447 
1706 432.726 
1707 432.054 
1708 431.429 
1709 430.851 
1710 430.32 
1711 429.834 
1712 429.394 
1713 428.999 
1714 428.648 
1715 428.341 
1716 428.076 
1717 427.855 
1718 427.675 
1719 427.536 
1720 427.439 
1721 427.381 
1722 427.363 
1723 427.384 
1724 427.444 
1725 427.541 
1726 427.675 
1727 427.846 
1728 428.053 
1729 428.295 
1730 428.572 
1731 428.883 
1732 429.228 
1733 429.605 
1734 430.015 
1735 430.456 
1736 430.928 
1737 431.43 
1738 431.962 
1739 432.523 
1740 433.112 
1741 433.729 
1742 434.373 
1743 435.044 
1744 435.74 
1745 436.461 
1746 437.206 
1747 437.975 
1748 438.767 
1749 439.582 
1750 440.418 
1751 441.275 
1752 442.152 
1753 443.048 
1754 443.964 
1755 444.896 
1756 445.846 
1757 446.812 
1758 447.793 
1759 448.789 
1760 449.799 
1761 450.821 
1762 451.855 
1763 452.901 
1764 453.957 
1765 455.023 
1766 456.097 
1767 457.179 
1768 458.268 
1769 459.364 
1770 460.464 
1771 461.569 
1772 462.678 
1773 463.789 
1774 464.903 
1775 466.017 
1776 467.131 
1777 468.244 
1778 469.356 
1779 470.465 
1780 471.57 
1781 472.672 
1782 473.767 
1783 474.857 
1784 475.939 
1785 477.014 
1786 478.079 
1787 479.135 
1788 480.18 
1789 481.212 
1790 482.233 
1791 483.239 
1792 484.231 
1793 485.208 
1794 486.168 
1795 487.11 
1796 488.034 
1797 488.939 
1798 489.823 
1799 490.686 
1800 491.527 
1801 492.344 
1802 493.138 
1803 493.908 
1804 494.653 
1805 495.373 
1806 496.068 
1807 496.737 
1808 497.379 
1809 497.995 
1810 498.584 
1811 499.145 
1812 499.678 
1813 500.183 
1814 500.659 
1815 501.106 
1816 501.523 
1817 501.909 
1818 502.265 
1819 502.59 
1820 502.884 
1821 503.145 
1822 503.374 
1823 503.57 
1824 503.733 
1825 503.861 
1826 503.956 
1827 504.016 
1828 504.041 
1829 504.03 
1830 503.983 
1831 503.899 
1832 503.778 
1833 503.62 
1834 503.424 
1835 503.189 
1836 502.915 
1837 502.602 
1838 502.249 
1839 501.856 
1840 501.422 
1841 500.946 
1842 500.429 
1843 499.869 
1844 499.267 
1845 498.621 
1846 497.931 
1847 497.198 
1848 496.419 
1849 495.595 
1850 494.725 
1851 493.81 
1852 492.848 
1853 491.841 
1854 490.79 
1855 489.694 
1856 488.555 
1857 487.373 
1858 486.149 
1859 484.882 
1860 483.574 
1861 482.226 
1862 480.837 
1863 479.408 
1864 477.94 
1865 476.434 
1866 474.889 
1867 473.308 
1868 471.689 
1869 470.034 
1870 468.343 
1871 466.618 
1872 464.858 
1873 463.064 
1874 461.236 
1875 459.376 
1876 457.484 
1877 455.56 
1878 453.606 
1879 451.621 
1880 449.606 
1881 447.563 
1882 445.491 
1883 443.391 
1884 441.264 
1885 439.11 
1886 436.93 
1887 434.725 
1888 432.496 
1889 430.242 
1890 427.965 
1891 425.665 
1892 423.343 
1893 420.999 
1894 418.635 
1895 416.25 
1896 413.846 
1897 411.424 
1898 408.983 
1899 406.524 
1900 404.049 
1901 401.557 
1902 399.051 
1903 396.53 
1904 393.997 
1905 391.451 
1906 388.895 
1907 386.328 
1908 383.754 
1909 381.171 
1910 378.582 
1911 375.988 
1912 373.389 
1913 370.787 
1914 368.183 
1915 365.578 
1916 362.973 
1917 360.369 
1918 357.768 
1919 355.17 
1920 352.577 
1921 349.99 
1922 347.409 
1923 344.837 
1924 342.274 
1925 339.721 
1926 337.18 
1927 334.652 
1928 332.137 
1929 329.638 
1930 327.155 
1931 324.689 
1932 322.242 
1933 319.815 
1934 317.409 
1935 315.025 
1936 312.665 
1937 310.329 
1938 308.019 
1939 305.737 
1940 303.482 
1941 301.258 
1942 299.064 
1943 296.902 
1944 294.774 
1945 292.68 
1946 290.622 
1947 288.601 
1948 286.619 
1949 284.676 
1950 282.775 
1951 280.915 
1952 279.096 
1953 277.319 
1954 275.581 
1955 273.882 
1956 272.221 
1957 270.598 
1958 269.011 
1959 267.461 
1960 265.945 
1961 264.463 
1962 263.015 
1963 261.599 
1964 260.214 
1965 258.861 
1966 257.537 
1967 256.243 
1968 254.977 
1969 253.738 
1970 252.526 
1971 251.339 
1972 250.177 
1973 249.04 
1974 247.925 
1975 246.832 
1976 245.761 
1977 244.71 
1978 243.679 
1979 242.666 
1980 241.671 
1981 240.693 
1982 239.731 
1983 238.783 
1984 237.85 
1985 236.93 
1986 236.023 
1987 235.126 
1988 234.241 
1989 233.364 
1990 232.496 
1991 231.636 
1992 230.782 
1993 229.934 
1994 229.091 
1995 228.252 
1996 227.415 
1997 226.581 
1998 225.747 
1999 224.913 
2000 224.079 
