0.0201474
7.46269e-05 315.542 
0.000522762 2055.19 
0.000970896 3704.41 
0.00141903 5288.18 
0.00186717 6811.15 
0.0023153 8275.55 
0.00276344 9683.02 
0.00321157 11035 
0.0036597 12332.7 
0.00410784 13577.5 
0.00455597 14770.7 
0.00500411 15913.3 
0.00545224 17006.4 
0.00590038 18051.3 
0.00634851 19048.8 
0.00679665 19999.9 
0.00724478 20905.6 
0.00769292 21766.9 
0.00814105 22584.5 
0.00858919 23359.3 
0.00903732 24092.3 
0.00948546 24784.1 
0.00993359 25435.7 
0.0103817 26047.9 
0.0108299 26621.4 
0.011278 27157.2 
0.0117261 27656 
0.0121743 28118.8 
0.0126224 28546.2 
0.0130705 28939.3 
0.0135187 29298.9 
0.0139668 29625.9 
0.0144149 29921.1 
0.0148631 30185.6 
0.0153112 30420.1 
0.0157593 30625.7 
0.0162075 30803.4 
0.0166556 30954 
0.0171037 31078.5 
0.0175519 31177.9 
0.018 31253.2 
0.0184481 31305.4 
0.0188963 31335.4 
0.0193444 31344.2 
0.0197926 31332.8 
0.0202407 31302.3 
0.0206888 31253.5 
0.021137 31187.5 
0.0215851 31105.1 
0.0220332 31007.4 
0.0224814 30895.4 
0.0229295 30769.8 
0.0233776 30631.7 
0.0238258 30481.9 
0.0242739 30321.3 
0.024722 30150.8 
0.0251702 29971.2 
0.0256183 29783.3 
0.0260664 29587.9 
0.0265146 29385.8 
0.0269627 29177.8 
0.0274108 28964.6 
0.027859 28746.8 
0.0283071 28525.2 
0.0287552 28300.3 
0.0292034 28072.8 
0.0296515 27843.3 
0.0300997 27612.4 
0.0305478 27380.6 
0.0309959 27148.3 
0.0314441 26916.1 
0.0318922 26684.4 
0.0323403 26453.8 
0.0327885 26224.4 
0.0332366 25996.8 
0.0336847 25771.3 
0.0341329 25548.1 
0.034581 25327.6 
0.0350291 25110 
0.0354773 24895.7 
0.0359254 24684.8 
0.0363735 24477.5 
0.0368217 24273.9 
0.0372698 24074.3 
0.0377179 23878.8 
0.0381661 23687.4 
0.0386142 23500.4 
0.0390623 23317.8 
0.0395105 23139.6 
0.0399586 22965.8 
0.0404068 22796.4 
0.0408549 22631.6 
0.041303 22471.2 
0.0417512 22315.3 
0.0421993 22163.8 
0.0426474 22016.7 
0.0430956 21873.9 
0.0435437 21735.4 
0.0439918 21601 
0.04444 21470.6 
0.0448881 21344.2 
0.0453362 21221.6 
0.0457844 21102.8 
0.0462325 20987.5 
0.0466806 20875.8 
0.0471288 20767.3 
0.0475769 20662.1 
0.048025 20559.8 
0.0484732 20460.4 
0.0489213 20363.8 
0.0493694 20269.6 
0.0498176 20177.8 
0.0502657 20088.2 
0.0507138 20000.7 
0.051162 19915 
0.0516101 19831.1 
0.0520583 19748.7 
0.0525064 19667.6 
0.0529545 19587.8 
0.0534027 19509 
0.0538508 19431 
0.0542989 19353.7 
0.0547471 19276.9 
0.0551952 19200.4 
0.0556433 19124.1 
0.0560915 19047.9 
0.0565396 18971.7 
0.0569877 18895.3 
0.0574359 18818.6 
0.057884 18741.4 
0.0583321 18663.6 
0.0587803 18585.2 
0.0592284 18505.8 
0.0596765 18425.4 
0.0601247 18343.9 
0.0605728 18261.3 
0.0610209 18177.5 
0.0614691 18092.5 
0.0619172 18006.2 
0.0623654 17918.5 
0.0628135 17829.4 
0.0632616 17738.8 
0.0637098 17646.8 
0.0641579 17553.1 
0.064606 17457.9 
0.0650542 17361 
0.0655023 17262.4 
0.0659504 17162.1 
0.0663986 17060.3 
0.0668467 16956.9 
0.0672948 16852 
0.067743 16745.7 
0.0681911 16637.9 
0.0686392 16528.7 
0.0690874 16418.2 
0.0695355 16306.4 
0.0699836 16193.3 
0.0704318 16079.1 
0.0708799 15963.6 
0.071328 15847.1 
0.0717762 15729.5 
0.0722243 15611 
0.0726724 15491.7 
0.0731206 15371.8 
0.0735687 15251.2 
0.0740169 15130.1 
0.074465 15008.6 
0.0749131 14886.8 
0.0753613 14764.9 
0.0758094 14642.8 
0.0762575 14520.7 
0.0767057 14398.7 
0.0771538 14276.9 
0.0776019 14155.4 
0.0780501 14034.3 
0.0784982 13913.6 
0.0789463 13793.5 
0.0793945 13674.1 
0.0798426 13555.4 
0.0802907 13437.5 
0.0807389 13320.6 
0.081187 13204.7 
0.0816351 13089.9 
0.0820833 12976.3 
0.0825314 12863.9 
0.0829795 12753 
0.0834277 12643.4 
0.0838758 12535.4 
0.084324 12429 
0.0847721 12324.3 
0.0852202 12221.2 
0.0856684 12119.9 
0.0861165 12020.4 
0.0865646 11922.7 
0.0870128 11826.8 
0.0874609 11732.7 
0.087909 11640.4 
0.0883572 11550.1 
0.0888053 11461.6 
0.0892534 11375.1 
0.0897016 11290.6 
0.0901497 11208 
0.0905978 11127.3 
0.091046 11048.8 
0.0914941 10972.2 
0.0919422 10897.7 
0.0923904 10825.3 
0.0928385 10754.9 
0.0932866 10686.6 
0.0937348 10620.2 
0.0941829 10555.7 
0.094631 10493.2 
0.0950792 10432.4 
0.0955273 10373.5 
0.0959755 10316.3 
0.0964236 10260.8 
0.0968717 10207 
0.0973199 10154.8 
0.097768 10104.2 
0.0982161 10055.2 
0.0986643 10007.6 
0.0991124 9961.5 
0.0995605 9916.83 
0.100009 9873.53 
0.100457 9831.57 
0.100905 9790.9 
0.101353 9751.46 
0.101801 9713.2 
0.102249 9676.03 
0.102697 9639.9 
0.103146 9604.74 
0.103594 9570.49 
0.104042 9537.08 
0.10449 9504.44 
0.104938 9472.51 
0.105386 9441.23 
0.105834 9410.52 
0.106283 9380.32 
0.106731 9350.56 
0.107179 9321.18 
0.107627 9292.11 
0.108075 9263.28 
0.108523 9234.63 
0.108971 9206.08 
0.109419 9177.58 
0.109868 9149.05 
0.110316 9120.44 
0.110764 9091.71 
0.111212 9062.83 
0.11166 9033.78 
0.112108 9004.52 
0.112556 8975.03 
0.113005 8945.27 
0.113453 8915.21 
0.113901 8884.82 
0.114349 8854.07 
0.114797 8822.93 
0.115245 8791.37 
0.115693 8759.36 
0.116142 8726.87 
0.11659 8693.87 
0.117038 8660.33 
0.117486 8626.21 
0.117934 8591.49 
0.118382 8556.14 
0.11883 8520.13 
0.119278 8483.42 
0.119727 8445.99 
0.120175 8407.82 
0.120623 8368.9 
0.121071 8329.28 
0.121519 8288.97 
0.121967 8248.01 
0.122415 8206.42 
0.122864 8164.24 
0.123312 8121.5 
0.12376 8078.21 
0.124208 8034.41 
0.124656 7990.13 
0.125104 7945.4 
0.125552 7900.24 
0.126 7854.69 
0.126449 7808.76 
0.126897 7762.5 
0.127345 7715.92 
0.127793 7669.06 
0.128241 7621.95 
0.128689 7574.61 
0.129137 7527.07 
0.129586 7479.35 
0.130034 7431.49 
0.130482 7383.52 
0.13093 7335.45 
0.131378 7287.32 
0.131826 7239.17 
0.132274 7191.03 
0.132722 7142.93 
0.133171 7094.91 
0.133619 7047.01 
0.134067 6999.26 
0.134515 6951.69 
0.134963 6904.33 
0.135411 6857.23 
0.135859 6810.41 
0.136308 6763.92 
0.136756 6717.77 
0.137204 6672 
0.137652 6626.65 
0.1381 6581.75 
0.138548 6537.32 
0.138996 6493.41 
0.139445 6450.04 
0.139893 6407.24 
0.140341 6365.05 
0.140789 6323.49 
0.141237 6282.59 
0.141685 6242.39 
0.142133 6202.91 
0.142581 6164.18 
0.14303 6126.24 
0.143478 6089.1 
0.143926 6052.74 
0.144374 6017.16 
0.144822 5982.35 
0.14527 5948.3 
0.145718 5914.99 
0.146167 5882.42 
0.146615 5850.58 
0.147063 5819.46 
0.147511 5789.05 
0.147959 5759.34 
0.148407 5730.32 
0.148855 5701.98 
0.149303 5674.32 
0.149752 5647.31 
0.1502 5620.97 
0.150648 5595.26 
0.151096 5570.19 
0.151544 5545.76 
0.151992 5521.93 
0.15244 5498.72 
0.152889 5476.12 
0.153337 5454.1 
0.153785 5432.67 
0.154233 5411.82 
0.154681 5391.53 
0.155129 5371.8 
0.155577 5352.63 
0.156026 5334 
0.156474 5315.9 
0.156922 5298.31 
0.15737 5281.2 
0.157818 5264.55 
0.158266 5248.34 
0.158714 5232.53 
0.159162 5217.1 
0.159611 5202.03 
0.160059 5187.3 
0.160507 5172.87 
0.160955 5158.72 
0.161403 5144.83 
0.161851 5131.17 
0.162299 5117.72 
0.162748 5104.45 
0.163196 5091.34 
0.163644 5078.36 
0.164092 5065.48 
0.16454 5052.69 
0.164988 5039.95 
0.165436 5027.25 
0.165884 5014.55 
0.166333 5001.83 
0.166781 4989.07 
0.167229 4976.24 
0.167677 4963.31 
0.168125 4950.27 
0.168573 4937.08 
0.169021 4923.72 
0.16947 4910.16 
0.169918 4896.39 
0.170366 4882.37 
0.170814 4868.09 
0.171262 4853.54 
0.17171 4838.74 
0.172158 4823.68 
0.172606 4808.38 
0.173055 4792.83 
0.173503 4777.04 
0.173951 4761.01 
0.174399 4744.75 
0.174847 4728.27 
0.175295 4711.56 
0.175743 4694.64 
0.176192 4677.5 
0.17664 4660.15 
0.177088 4642.6 
0.177536 4624.85 
0.177984 4606.9 
0.178432 4588.77 
0.17888 4570.44 
0.179329 4551.94 
0.179777 4533.26 
0.180225 4514.41 
0.180673 4495.39 
0.181121 4476.2 
0.181569 4456.86 
0.182017 4437.37 
0.182465 4417.73 
0.182914 4397.94 
0.183362 4378.01 
0.18381 4357.95 
0.184258 4337.76 
0.184706 4317.44 
0.185154 4297 
0.185602 4276.45 
0.186051 4255.78 
0.186499 4235.01 
0.186947 4214.15 
0.187395 4193.21 
0.187843 4172.2 
0.188291 4151.15 
0.188739 4130.06 
0.189187 4108.94 
0.189636 4087.82 
0.190084 4066.7 
0.190532 4045.6 
0.19098 4024.52 
0.191428 4003.49 
0.191876 3982.52 
0.192324 3961.62 
0.192773 3940.8 
0.193221 3920.07 
0.193669 3899.45 
0.194117 3878.96 
0.194565 3858.59 
0.195013 3838.37 
0.195461 3818.31 
0.195909 3798.42 
0.196358 3778.72 
0.196806 3759.2 
0.197254 3739.9 
0.197702 3720.81 
0.19815 3701.95 
0.198598 3683.34 
0.199046 3664.98 
0.199495 3646.89 
0.199943 3629.08 
0.200391 3611.55 
0.200839 3594.33 
0.201287 3577.42 
0.201735 3560.83 
0.202183 3544.58 
0.202632 3528.68 
0.20308 3513.13 
0.203528 3497.95 
0.203976 3483.13 
0.204424 3468.65 
0.204872 3454.52 
0.20532 3440.71 
0.205768 3427.22 
0.206217 3414.05 
0.206665 3401.17 
0.207113 3388.59 
0.207561 3376.29 
0.208009 3364.26 
0.208457 3352.5 
0.208905 3341 
0.209354 3329.74 
0.209802 3318.71 
0.21025 3307.92 
0.210698 3297.34 
0.211146 3286.98 
0.211594 3276.82 
0.212042 3266.85 
0.21249 3257.06 
0.212939 3247.45 
0.213387 3238.01 
0.213835 3228.72 
0.214283 3219.58 
0.214731 3210.59 
0.215179 3201.72 
0.215627 3192.98 
0.216076 3184.35 
0.216524 3175.83 
0.216972 3167.4 
0.21742 3159.07 
0.217868 3150.81 
0.218316 3142.62 
0.218764 3134.5 
0.219212 3126.43 
0.219661 3118.41 
0.220109 3110.42 
0.220557 3102.46 
0.221005 3094.52 
0.221453 3086.59 
0.221901 3078.67 
0.222349 3070.74 
0.222798 3062.81 
0.223246 3054.87 
0.223694 3046.92 
0.224142 3038.97 
0.22459 3031.01 
0.225038 3023.03 
0.225486 3015.04 
0.225935 3007.03 
0.226383 2999.01 
0.226831 2990.97 
0.227279 2982.9 
0.227727 2974.82 
0.228175 2966.71 
0.228623 2958.58 
0.229071 2950.42 
0.22952 2942.24 
0.229968 2934.02 
0.230416 2925.77 
0.230864 2917.49 
0.231312 2909.18 
0.23176 2900.83 
0.232208 2892.44 
0.232657 2884.01 
0.233105 2875.54 
0.233553 2867.03 
0.234001 2858.48 
0.234449 2849.88 
0.234897 2841.24 
0.235345 2832.54 
0.235793 2823.8 
0.236242 2815.01 
0.23669 2806.16 
0.237138 2797.26 
0.237586 2788.3 
0.238034 2779.29 
0.238482 2770.21 
0.23893 2761.08 
0.239379 2751.89 
0.239827 2742.63 
0.240275 2733.31 
0.240723 2723.92 
0.241171 2714.47 
0.241619 2704.94 
0.242067 2695.35 
0.242516 2685.69 
0.242964 2675.96 
0.243412 2666.17 
0.24386 2656.32 
0.244308 2646.42 
0.244756 2636.48 
0.245204 2626.49 
0.245652 2616.47 
0.246101 2606.41 
0.246549 2596.33 
0.246997 2586.22 
0.247445 2576.09 
0.247893 2565.96 
0.248341 2555.81 
0.248789 2545.66 
0.249238 2535.51 
0.249686 2525.37 
0.250134 2515.24 
0.250582 2505.12 
0.25103 2495.02 
0.251478 2484.95 
0.251926 2474.91 
0.252374 2464.89 
0.252823 2454.92 
0.253271 2444.99 
0.253719 2435.1 
0.254167 2425.27 
0.254615 2415.49 
0.255063 2405.77 
0.255511 2396.11 
0.25596 2386.53 
0.256408 2377.01 
0.256856 2367.58 
0.257304 2358.22 
0.257752 2348.96 
0.2582 2339.78 
0.258648 2330.69 
0.259096 2321.71 
0.259545 2312.82 
0.259993 2304.05 
0.260441 2295.38 
0.260889 2286.83 
0.261337 2278.4 
0.261785 2270.09 
0.262233 2261.92 
0.262682 2253.87 
0.26313 2245.95 
0.263578 2238.18 
0.264026 2230.55 
0.264474 2223.07 
0.264922 2215.74 
0.26537 2208.55 
0.265819 2201.5 
0.266267 2194.59 
0.266715 2187.81 
0.267163 2181.16 
0.267611 2174.64 
0.268059 2168.23 
0.268507 2161.95 
0.268955 2155.77 
0.269404 2149.71 
0.269852 2143.74 
0.2703 2137.89 
0.270748 2132.13 
0.271196 2126.46 
0.271644 2120.88 
0.272092 2115.39 
0.272541 2109.98 
0.272989 2104.65 
0.273437 2099.4 
0.273885 2094.22 
0.274333 2089.1 
0.274781 2084.05 
0.275229 2079.06 
0.275677 2074.12 
0.276126 2069.24 
0.276574 2064.41 
0.277022 2059.62 
0.27747 2054.87 
0.277918 2050.16 
0.278366 2045.49 
0.278814 2040.84 
0.279263 2036.23 
0.279711 2031.63 
0.280159 2027.06 
0.280607 2022.5 
0.281055 2017.95 
0.281503 2013.42 
0.281951 2008.88 
0.282399 2004.35 
0.282848 1999.82 
0.283296 1995.28 
0.283744 1990.73 
0.284192 1986.17 
0.28464 1981.59 
0.285088 1976.99 
0.285536 1972.37 
0.285985 1967.72 
0.286433 1963.04 
0.286881 1958.32 
0.287329 1953.57 
0.287777 1948.77 
0.288225 1943.93 
0.288673 1939.04 
0.289122 1934.1 
0.28957 1929.11 
0.290018 1924.08 
0.290466 1918.99 
0.290914 1913.87 
0.291362 1908.7 
0.29181 1903.49 
0.292258 1898.25 
0.292707 1892.97 
0.293155 1887.65 
0.293603 1882.3 
0.294051 1876.92 
0.294499 1871.52 
0.294947 1866.08 
0.295395 1860.62 
0.295844 1855.14 
0.296292 1849.64 
0.29674 1844.11 
0.297188 1838.57 
0.297636 1833.02 
0.298084 1827.44 
0.298532 1821.86 
0.29898 1816.27 
0.299429 1810.66 
0.299877 1805.05 
0.300325 1799.44 
0.300773 1793.82 
0.301221 1788.2 
0.301669 1782.58 
0.302117 1776.96 
0.302566 1771.35 
0.303014 1765.74 
0.303462 1760.14 
0.30391 1754.55 
0.304358 1748.97 
0.304806 1743.4 
0.305254 1737.84 
0.305702 1732.3 
0.306151 1726.78 
0.306599 1721.28 
0.307047 1715.79 
0.307495 1710.33 
0.307943 1704.9 
0.308391 1699.49 
0.308839 1694.11 
0.309288 1688.75 
0.309736 1683.43 
0.310184 1678.14 
0.310632 1672.89 
0.31108 1667.67 
0.311528 1662.48 
0.311976 1657.34 
0.312425 1652.24 
0.312873 1647.18 
0.313321 1642.16 
0.313769 1637.19 
0.314217 1632.26 
0.314665 1627.39 
0.315113 1622.56 
0.315561 1617.79 
0.31601 1613.07 
0.316458 1608.39 
0.316906 1603.77 
0.317354 1599.19 
0.317802 1594.66 
0.31825 1590.17 
0.318698 1585.73 
0.319147 1581.34 
0.319595 1576.98 
0.320043 1572.67 
0.320491 1568.41 
0.320939 1564.18 
0.321387 1559.99 
0.321835 1555.84 
0.322283 1551.73 
0.322732 1547.65 
0.32318 1543.61 
0.323628 1539.61 
0.324076 1535.64 
0.324524 1531.7 
0.324972 1527.8 
0.32542 1523.93 
0.325869 1520.09 
0.326317 1516.27 
0.326765 1512.49 
0.327213 1508.74 
0.327661 1505.01 
0.328109 1501.31 
0.328557 1497.64 
0.329005 1493.99 
0.329454 1490.36 
0.329902 1486.76 
0.33035 1483.18 
0.330798 1479.62 
0.331246 1476.08 
0.331694 1472.56 
0.332142 1469.06 
0.332591 1465.57 
0.333039 1462.11 
0.333487 1458.66 
0.333935 1455.23 
0.334383 1451.81 
0.334831 1448.4 
0.335279 1445.01 
0.335728 1441.63 
0.336176 1438.26 
0.336624 1434.9 
0.337072 1431.55 
0.33752 1428.21 
0.337968 1424.88 
0.338416 1421.55 
0.338864 1418.23 
0.339313 1414.92 
0.339761 1411.61 
0.340209 1408.31 
0.340657 1405.01 
0.341105 1401.71 
0.341553 1398.41 
0.342001 1395.11 
0.34245 1391.81 
0.342898 1388.51 
0.343346 1385.21 
0.343794 1381.91 
0.344242 1378.6 
0.34469 1375.29 
0.345138 1371.98 
0.345586 1368.67 
0.346035 1365.35 
0.346483 1362.03 
0.346931 1358.7 
0.347379 1355.38 
0.347827 1352.05 
0.348275 1348.73 
0.348723 1345.4 
0.349172 1342.07 
0.34962 1338.74 
0.350068 1335.41 
0.350516 1332.09 
0.350964 1328.76 
0.351412 1325.43 
0.35186 1322.11 
0.352309 1318.79 
0.352757 1315.47 
0.353205 1312.15 
0.353653 1308.84 
0.354101 1305.53 
0.354549 1302.22 
0.354997 1298.91 
0.355445 1295.61 
0.355894 1292.32 
0.356342 1289.02 
0.35679 1285.74 
0.357238 1282.46 
0.357686 1279.18 
0.358134 1275.91 
0.358582 1272.64 
0.359031 1269.39 
0.359479 1266.13 
0.359927 1262.89 
0.360375 1259.65 
0.360823 1256.42 
0.361271 1253.2 
0.361719 1249.99 
0.362167 1246.78 
0.362616 1243.59 
0.363064 1240.4 
0.363512 1237.22 
0.36396 1234.05 
0.364408 1230.89 
0.364856 1227.74 
0.365304 1224.61 
0.365753 1221.48 
0.366201 1218.36 
0.366649 1215.26 
0.367097 1212.16 
0.367545 1209.08 
0.367993 1206.01 
0.368441 1202.95 
0.368889 1199.91 
0.369338 1196.88 
0.369786 1193.86 
0.370234 1190.85 
0.370682 1187.86 
0.37113 1184.89 
0.371578 1181.92 
0.372026 1178.97 
0.372475 1176.04 
0.372923 1173.12 
0.373371 1170.22 
0.373819 1167.33 
0.374267 1164.46 
0.374715 1161.61 
0.375163 1158.77 
0.375612 1155.95 
0.37606 1153.14 
0.376508 1150.35 
0.376956 1147.58 
0.377404 1144.83 
0.377852 1142.09 
0.3783 1139.36 
0.378748 1136.66 
0.379197 1133.97 
0.379645 1131.29 
0.380093 1128.63 
0.380541 1125.99 
0.380989 1123.35 
0.381437 1120.74 
0.381885 1118.14 
0.382334 1115.55 
0.382782 1112.98 
0.38323 1110.42 
0.383678 1107.88 
0.384126 1105.35 
0.384574 1102.83 
0.385022 1100.32 
0.38547 1097.83 
0.385919 1095.36 
0.386367 1092.89 
0.386815 1090.44 
0.387263 1088 
0.387711 1085.57 
0.388159 1083.15 
0.388607 1080.75 
0.389056 1078.36 
0.389504 1075.98 
0.389952 1073.61 
0.3904 1071.25 
0.390848 1068.9 
0.391296 1066.57 
0.391744 1064.24 
0.392192 1061.93 
0.392641 1059.62 
0.393089 1057.33 
0.393537 1055.04 
0.393985 1052.77 
0.394433 1050.5 
0.394881 1048.25 
0.395329 1046 
0.395778 1043.77 
0.396226 1041.54 
0.396674 1039.32 
0.397122 1037.11 
0.39757 1034.9 
0.398018 1032.71 
0.398466 1030.52 
0.398915 1028.35 
0.399363 1026.18 
0.399811 1024.01 
0.400259 1021.86 
0.400707 1019.71 
0.401155 1017.57 
0.401603 1015.44 
0.402051 1013.31 
0.4025 1011.19 
0.402948 1009.07 
0.403396 1006.96 
0.403844 1004.86 
0.404292 1002.77 
0.40474 1000.68 
0.405188 998.591 
0.405637 996.512 
0.406085 994.438 
0.406533 992.369 
0.406981 990.305 
0.407429 988.246 
0.407877 986.191 
0.408325 984.141 
0.408773 982.095 
0.409222 980.053 
0.40967 978.015 
0.410118 975.981 
0.410566 973.95 
0.411014 971.923 
0.411462 969.9 
0.41191 967.88 
0.412359 965.863 
0.412807 963.85 
0.413255 961.84 
0.413703 959.833 
0.414151 957.83 
0.414599 955.829 
0.415047 953.832 
0.415495 951.837 
0.415944 949.846 
0.416392 947.858 
0.41684 945.872 
0.417288 943.889 
0.417736 941.909 
0.418184 939.932 
0.418632 937.957 
0.419081 935.985 
0.419529 934.015 
0.419977 932.048 
0.420425 930.083 
0.420873 928.121 
0.421321 926.161 
0.421769 924.203 
0.422218 922.247 
0.422666 920.293 
0.423114 918.342 
0.423562 916.393 
0.42401 914.445 
0.424458 912.5 
0.424906 910.556 
0.425354 908.614 
0.425803 906.674 
0.426251 904.736 
0.426699 902.799 
0.427147 900.864 
0.427595 898.931 
0.428043 896.999 
0.428491 895.068 
0.42894 893.139 
0.429388 891.211 
0.429836 889.284 
0.430284 887.359 
0.430732 885.435 
0.43118 883.512 
0.431628 881.59 
0.432076 879.669 
0.432525 877.749 
0.432973 875.83 
0.433421 873.912 
0.433869 871.995 
0.434317 870.079 
0.434765 868.163 
0.435213 866.248 
0.435662 864.333 
0.43611 862.419 
0.436558 860.506 
0.437006 858.593 
0.437454 856.68 
0.437902 854.768 
0.43835 852.857 
0.438798 850.945 
0.439247 849.034 
0.439695 847.122 
0.440143 845.211 
0.440591 843.3 
0.441039 841.389 
0.441487 839.478 
0.441935 837.567 
0.442384 835.656 
0.442832 833.745 
0.44328 831.833 
0.443728 829.921 
0.444176 828.009 
0.444624 826.096 
0.445072 824.183 
0.445521 822.27 
0.445969 820.356 
0.446417 818.441 
0.446865 816.526 
0.447313 814.61 
0.447761 812.693 
