4.28571e-05 90.664 
0.000472244 917.065 
0.000901632 1705.95 
0.00133102 2473.55 
0.00176041 3223.14 
0.00218979 3956.08 
0.00261918 4673.04 
0.00304857 5374.45 
0.00347796 6060.6 
0.00390734 6731.71 
0.00433673 7387.94 
0.00476612 8029.45 
0.00519551 8656.38 
0.00562489 9268.84 
0.00605428 9866.95 
0.00648367 10450.8 
0.00691305 11020.5 
0.00734244 11576.2 
0.00777183 12117.9 
0.00820122 12645.7 
0.0086306 13159.7 
0.00905999 13660 
0.00948938 14146.7 
0.00991877 14619.9 
0.0103482 15079.7 
0.0107775 15526.1 
0.0112069 15959.3 
0.0116363 16379.3 
0.0120657 16786.3 
0.0124951 17180.3 
0.0129245 17561.5 
0.0133539 17930.1 
0.0137833 18286 
0.0142126 18629.5 
0.014642 18960.6 
0.0150714 19279.5 
0.0155008 19586.4 
0.0159302 19881.4 
0.0163596 20164.7 
0.016789 20436.3 
0.0172184 20696.6 
0.0176477 20945.6 
0.0180771 21183.5 
0.0185065 21410.5 
0.0189359 21626.8 
0.0193653 21832.5 
0.0197947 22028 
0.0202241 22213.3 
0.0206534 22388.7 
0.0210828 22554.4 
0.0215122 22710.6 
0.0219416 22857.5 
0.022371 22995.3 
0.0228004 23124.3 
0.0232298 23244.6 
0.0236592 23356.6 
0.0240885 23460.4 
0.0245179 23556.2 
0.0249473 23644.3 
0.0253767 23724.9 
0.0258061 23798.2 
0.0262355 23864.6 
0.0266649 23924.1 
0.0270943 23977.1 
0.0275236 24023.7 
0.027953 24064.2 
0.0283824 24098.9 
0.0288118 24127.9 
0.0292412 24151.4 
0.0296706 24169.8 
0.0301 24183.2 
0.0305294 24191.8 
0.0309587 24195.8 
0.0313881 24195.5 
0.0318175 24191.1 
0.0322469 24182.7 
0.0326763 24170.6 
0.0331057 24155 
0.0335351 24136 
0.0339645 24113.9 
0.0343938 24088.8 
0.0348232 24060.9 
0.0352526 24030.4 
0.035682 23997.5 
0.0361114 23962.2 
0.0365408 23924.9 
0.0369702 23885.6 
0.0373996 23844.5 
0.0378289 23801.8 
0.0382583 23757.5 
0.0386877 23711.9 
0.0391171 23665 
0.0395465 23616.9 
0.0399759 23567.9 
0.0404053 23518 
0.0408347 23467.3 
0.041264 23415.9 
0.0416934 23363.9 
0.0421228 23311.4 
0.0425522 23258.6 
0.0429816 23205.5 
0.043411 23152.1 
0.0438404 23098.6 
0.0442698 23045 
0.0446991 22991.4 
0.0451285 22937.7 
0.0455579 22884.2 
0.0459873 22830.9 
0.0464167 22777.7 
0.0468461 22724.8 
0.0472755 22672.2 
0.0477049 22619.9 
0.0481342 22567.9 
0.0485636 22516.3 
0.048993 22465.1 
0.0494224 22414.2 
0.0498518 22363.8 
0.0502812 22313.8 
0.0507106 22264.3 
0.05114 22215.2 
0.0515693 22166.6 
0.0519987 22118.4 
0.0524281 22070.7 
0.0528575 22023.4 
0.0532869 21976.5 
0.0537163 21930 
0.0541457 21884 
0.0545751 21838.3 
0.0550044 21793 
0.0554338 21748 
0.0558632 21703.4 
0.0562926 21659.1 
0.056722 21615 
0.0571514 21571.2 
0.0575808 21527.6 
0.0580101 21484.3 
0.0584395 21441 
0.0588689 21398 
0.0592983 21355 
0.0597277 21312.1 
0.0601571 21269.2 
0.0605865 21226.3 
0.0610159 21183.4 
0.0614452 21140.4 
0.0618746 21097.3 
0.062304 21054.1 
0.0627334 21010.7 
0.0631628 20967.1 
0.0635922 20923.3 
0.0640216 20879.2 
0.064451 20834.9 
0.0648803 20790.2 
0.0653097 20745.1 
0.0657391 20699.7 
0.0661685 20653.8 
0.0665979 20607.5 
0.0670273 20560.6 
0.0674567 20513.3 
0.0678861 20465.3 
0.0683154 20416.9 
0.0687448 20367.8 
0.0691742 20318.2 
0.0696036 20268 
0.070033 20217.1 
0.0704624 20165.6 
0.0708918 20113.5 
0.0713212 20060.7 
0.0717505 20007.2 
0.0721799 19952.9 
0.0726093 19898 
0.0730387 19842.3 
0.0734681 19785.8 
0.0738975 19728.6 
0.0743269 19670.6 
0.0747563 19611.9 
0.0751856 19552.5 
0.075615 19492.3 
0.0760444 19431.4 
0.0764738 19369.7 
0.0769032 19307.4 
0.0773326 19244.4 
0.077762 19180.7 
0.0781914 19116.4 
0.0786207 19051.4 
0.0790501 18985.7 
0.0794795 18919.4 
0.0799089 18852.4 
0.0803383 18784.8 
0.0807677 18716.6 
0.0811971 18647.8 
0.0816265 18578.4 
0.0820558 18508.6 
0.0824852 18438.2 
0.0829146 18367.3 
0.083344 18296 
0.0837734 18224.4 
0.0842028 18152.3 
0.0846322 18079.9 
0.0850616 18007.1 
0.0854909 17934.1 
0.0859203 17860.9 
0.0863497 17787.4 
0.0867791 17713.7 
0.0872085 17639.8 
0.0876379 17565.8 
0.0880673 17491.7 
0.0884967 17417.5 
0.088926 17343.2 
0.0893554 17269 
0.0897848 17194.7 
0.0902142 17120.5 
0.0906436 17046.4 
0.091073 16972.4 
0.0915024 16898.5 
0.0919317 16824.9 
0.0923611 16751.4 
0.0927905 16678.1 
0.0932199 16605.2 
0.0936493 16532.5 
0.0940787 16460.1 
0.0945081 16388.2 
0.0949375 16316.6 
0.0953668 16245.4 
0.0957962 16174.7 
0.0962256 16104.4 
0.096655 16034.7 
0.0970844 15965.5 
0.0975138 15896.8 
0.0979432 15828.8 
0.0983726 15761.3 
0.0988019 15694.4 
0.0992313 15628.1 
0.0996607 15562.4 
0.10009 15497.4 
0.100519 15433 
0.100949 15369.3 
0.101378 15306.2 
0.101808 15243.8 
0.102237 15182.1 
0.102666 15121.1 
0.103096 15060.8 
0.103525 15001.3 
0.103955 14942.4 
0.104384 14884.4 
0.104813 14827 
0.105243 14770.5 
0.105672 14714.7 
0.106102 14659.7 
0.106531 14605.6 
0.10696 14552.2 
0.10739 14499.6 
0.107819 14447.7 
0.108248 14396.7 
0.108678 14346.3 
0.109107 14296.7 
0.109537 14247.8 
0.109966 14199.7 
0.110395 14152.2 
0.110825 14105.4 
0.111254 14059.3 
0.111684 14013.8 
0.112113 13969 
0.112542 13924.9 
0.112972 13881.3 
0.113401 13838.4 
0.113831 13796 
0.11426 13754.3 
0.114689 13713.1 
0.115119 13672.4 
0.115548 13632.4 
0.115977 13592.8 
0.116407 13553.8 
0.116836 13515.2 
0.117266 13477.2 
0.117695 13439.6 
0.118124 13402.5 
0.118554 13365.8 
0.118983 13329.5 
0.119413 13293.5 
0.119842 13258 
0.120271 13222.7 
0.120701 13187.8 
0.12113 13153.2 
0.121559 13118.9 
0.121989 13084.9 
0.122418 13051 
0.122848 13017.4 
0.123277 12984 
0.123706 12950.7 
0.124136 12917.6 
0.124565 12884.6 
0.124995 12851.8 
0.125424 12819 
0.125853 12786.2 
0.126283 12753.5 
0.126712 12720.9 
0.127142 12688.2 
0.127571 12655.5 
0.128 12622.7 
0.12843 12589.9 
0.128859 12557 
0.129288 12524 
0.129718 12491 
0.130147 12457.8 
0.130577 12424.6 
0.131006 12391.2 
0.131435 12357.7 
0.131865 12324.1 
0.132294 12290.4 
0.132724 12256.6 
0.133153 12222.6 
0.133582 12188.4 
0.134012 12154.1 
0.134441 12119.6 
0.13487 12085 
0.1353 12050.2 
0.135729 12015.2 
0.136159 11980 
0.136588 11944.7 
0.137017 11909.1 
0.137447 11873.3 
0.137876 11837.3 
0.138306 11801.1 
0.138735 11764.6 
0.139164 11727.9 
0.139594 11691 
0.140023 11653.8 
0.140453 11616.4 
0.140882 11578.7 
0.141311 11540.7 
0.141741 11502.5 
0.14217 11464.1 
0.142599 11425.5 
0.143029 11386.7 
0.143458 11347.6 
0.143888 11308.5 
0.144317 11269.1 
0.144746 11229.6 
0.145176 11190 
0.145605 11150.3 
0.146035 11110.4 
0.146464 11070.4 
0.146893 11030.4 
0.147323 10990.3 
0.147752 10950.1 
0.148181 10909.8 
0.148611 10869.6 
0.14904 10829.3 
0.14947 10788.9 
0.149899 10748.6 
0.150328 10708.3 
0.150758 10668 
0.151187 10627.8 
0.151617 10587.6 
0.152046 10547.4 
0.152475 10507.3 
0.152905 10467.3 
0.153334 10427.4 
0.153764 10387.6 
0.154193 10347.9 
0.154622 10308.4 
0.155052 10268.9 
0.155481 10229.7 
0.15591 10190.5 
0.15634 10151.6 
0.156769 10112.8 
0.157199 10074.2 
0.157628 10035.7 
0.158057 9997.51 
0.158487 9959.49 
0.158916 9921.68 
0.159346 9884.1 
0.159775 9846.75 
0.160204 9809.64 
0.160634 9772.78 
0.161063 9736.18 
0.161492 9699.84 
0.161922 9663.78 
0.162351 9628 
0.162781 9592.52 
0.16321 9557.33 
0.163639 9522.45 
0.164069 9487.89 
0.164498 9453.66 
0.164928 9419.75 
0.165357 9386.19 
0.165786 9352.98 
0.166216 9320.13 
0.166645 9287.64 
0.167075 9255.52 
0.167504 9223.79 
0.167933 9192.45 
0.168363 9161.5 
0.168792 9130.96 
0.169221 9100.84 
0.169651 9071.13 
0.17008 9041.82 
0.17051 9012.92 
0.170939 8984.41 
0.171368 8956.28 
0.171798 8928.53 
0.172227 8901.15 
0.172657 8874.13 
0.173086 8847.46 
0.173515 8821.14 
0.173945 8795.16 
0.174374 8769.51 
0.174804 8744.18 
0.175233 8719.16 
0.175662 8694.46 
0.176092 8670.05 
0.176521 8645.93 
0.17695 8622.1 
0.17738 8598.55 
0.177809 8575.27 
0.178239 8552.24 
0.178668 8529.48 
0.179097 8506.95 
0.179527 8484.67 
0.179956 8462.62 
0.180386 8440.79 
0.180815 8419.18 
0.181244 8397.77 
0.181674 8376.57 
0.182103 8355.56 
0.182532 8334.73 
0.182962 8314.09 
0.183391 8293.61 
0.183821 8273.3 
0.18425 8253.14 
0.184679 8233.13 
0.185109 8213.26 
0.185538 8193.52 
0.185968 8173.9 
0.186397 8154.41 
0.186826 8135.02 
0.187256 8115.74 
0.187685 8096.57 
0.188115 8077.48 
0.188544 8058.48 
0.188973 8039.57 
0.189403 8020.73 
0.189832 8001.96 
0.190261 7983.25 
0.190691 7964.6 
0.19112 7945.99 
0.19155 7927.44 
0.191979 7908.92 
0.192408 7890.43 
0.192838 7871.97 
0.193267 7853.52 
0.193697 7835.09 
0.194126 7816.67 
0.194555 7798.25 
0.194985 7779.82 
0.195414 7761.38 
0.195843 7742.92 
0.196273 7724.44 
0.196702 7705.93 
0.197132 7687.38 
0.197561 7668.78 
0.19799 7650.14 
0.19842 7631.45 
0.198849 7612.69 
0.199279 7593.86 
0.199708 7574.96 
0.200137 7555.98 
0.200567 7536.92 
0.200996 7517.76 
0.201426 7498.5 
0.201855 7479.14 
0.202284 7459.67 
0.202714 7440.08 
0.203143 7420.36 
0.203572 7400.52 
0.204002 7380.55 
0.204431 7360.44 
0.204861 7340.21 
0.20529 7319.86 
0.205719 7299.4 
0.206149 7278.83 
0.206578 7258.16 
0.207008 7237.4 
0.207437 7216.55 
0.207866 7195.62 
0.208296 7174.61 
0.208725 7153.53 
0.209154 7132.38 
0.209584 7111.18 
0.210013 7089.92 
0.210443 7068.62 
0.210872 7047.27 
0.211301 7025.89 
0.211731 7004.48 
0.21216 6983.05 
0.21259 6961.6 
0.213019 6940.14 
0.213448 6918.67 
0.213878 6897.2 
0.214307 6875.74 
0.214737 6854.29 
0.215166 6832.86 
0.215595 6811.45 
0.216025 6790.06 
0.216454 6768.72 
0.216883 6747.41 
0.217313 6726.15 
0.217742 6704.94 
0.218172 6683.78 
0.218601 6662.69 
0.21903 6641.67 
0.21946 6620.72 
0.219889 6599.85 
0.220319 6579.06 
0.220748 6558.37 
0.221177 6537.77 
0.221607 6517.27 
0.222036 6496.88 
0.222466 6476.61 
0.222895 6456.45 
0.223324 6436.41 
0.223754 6416.5 
0.224183 6396.72 
0.224612 6377.08 
0.225042 6357.56 
0.225471 6338.17 
0.225901 6318.92 
0.22633 6299.79 
0.226759 6280.8 
0.227189 6261.93 
0.227618 6243.2 
0.228048 6224.6 
0.228477 6206.13 
0.228906 6187.79 
0.229336 6169.58 
0.229765 6151.5 
0.230194 6133.55 
0.230624 6115.73 
0.231053 6098.05 
0.231483 6080.49 
0.231912 6063.07 
0.232341 6045.78 
0.232771 6028.62 
0.2332 6011.59 
0.23363 5994.69 
0.234059 5977.92 
0.234488 5961.28 
0.234918 5944.78 
0.235347 5928.41 
0.235777 5912.16 
0.236206 5896.05 
0.236635 5880.07 
0.237065 5864.22 
0.237494 5848.5 
0.237923 5832.92 
0.238353 5817.46 
0.238782 5802.13 
0.239212 5786.94 
0.239641 5771.88 
0.24007 5756.95 
0.2405 5742.15 
0.240929 5727.48 
0.241359 5712.94 
0.241788 5698.54 
0.242217 5684.26 
0.242647 5670.12 
0.243076 5656.11 
0.243505 5642.23 
0.243935 5628.48 
0.244364 5614.86 
0.244794 5601.37 
0.245223 5588.02 
0.245652 5574.79 
0.246082 5561.69 
0.246511 5548.72 
0.246941 5535.87 
0.24737 5523.13 
0.247799 5510.51 
0.248229 5498 
0.248658 5485.6 
0.249088 5473.3 
0.249517 5461.1 
0.249946 5448.99 
0.250376 5436.98 
0.250805 5425.06 
0.251234 5413.22 
0.251664 5401.47 
0.252093 5389.79 
0.252523 5378.2 
0.252952 5366.67 
0.253381 5355.21 
0.253811 5343.81 
0.25424 5332.48 
0.25467 5321.21 
0.255099 5309.99 
0.255528 5298.82 
0.255958 5287.7 
0.256387 5276.62 
0.256816 5265.58 
0.257246 5254.58 
0.257675 5243.62 
0.258105 5232.69 
0.258534 5221.78 
0.258963 5210.89 
0.259393 5200.03 
0.259822 5189.18 
0.260252 5178.35 
0.260681 5167.53 
0.26111 5156.71 
0.26154 5145.9 
0.261969 5135.08 
0.262399 5124.26 
0.262828 5113.44 
0.263257 5102.6 
0.263687 5091.75 
0.264116 5080.88 
0.264545 5069.99 
0.264975 5059.08 
0.265404 5048.14 
0.265834 5037.17 
0.266263 5026.16 
0.266692 5015.12 
0.267122 5004.03 
0.267551 4992.9 
0.267981 4981.72 
0.26841 4970.49 
0.268839 4959.21 
0.269269 4947.87 
0.269698 4936.47 
0.270127 4925.01 
0.270557 4913.49 
0.270986 4901.93 
0.271416 4890.31 
0.271845 4878.65 
0.272274 4866.95 
0.272704 4855.2 
0.273133 4843.41 
0.273563 4831.59 
0.273992 4819.73 
0.274421 4807.84 
0.274851 4795.92 
0.27528 4783.97 
0.27571 4772 
0.276139 4760 
0.276568 4747.99 
0.276998 4735.96 
0.277427 4723.92 
0.277856 4711.86 
0.278286 4699.8 
0.278715 4687.73 
0.279145 4675.65 
0.279574 4663.58 
0.280003 4651.5 
0.280433 4639.42 
0.280862 4627.36 
0.281292 4615.29 
0.281721 4603.24 
0.28215 4591.21 
0.28258 4579.18 
0.283009 4567.18 
0.283439 4555.19 
0.283868 4543.23 
0.284297 4531.29 
0.284727 4519.38 
0.285156 4507.5 
0.285585 4495.65 
0.286015 4483.84 
0.286444 4472.06 
0.286874 4460.32 
0.287303 4448.62 
0.287732 4436.97 
0.288162 4425.36 
0.288591 4413.8 
0.289021 4402.3 
0.28945 4390.84 
0.289879 4379.44 
0.290309 4368.1 
0.290738 4356.82 
0.291167 4345.6 
0.291597 4334.44 
0.292026 4323.36 
0.292456 4312.34 
0.292885 4301.39 
0.293314 4290.52 
0.293744 4279.72 
0.294173 4269 
0.294603 4258.36 
0.295032 4247.8 
0.295461 4237.33 
0.295891 4226.95 
0.29632 4216.65 
0.29675 4206.43 
0.297179 4196.3 
0.297608 4186.25 
0.298038 4176.28 
0.298467 4166.39 
0.298896 4156.57 
0.299326 4146.83 
0.299755 4137.17 
0.300185 4127.58 
0.300614 4118.07 
0.301043 4108.62 
0.301473 4099.25 
0.301902 4089.94 
0.302332 4080.7 
0.302761 4071.53 
0.30319 4062.42 
0.30362 4053.37 
0.304049 4044.39 
0.304478 4035.47 
0.304908 4026.61 
0.305337 4017.8 
0.305767 4009.06 
0.306196 4000.37 
0.306625 3991.73 
0.307055 3983.15 
0.307484 3974.62 
0.307914 3966.14 
0.308343 3957.71 
0.308772 3949.33 
0.309202 3941 
0.309631 3932.71 
0.310061 3924.47 
0.31049 3916.27 
0.310919 3908.11 
0.311349 3899.99 
0.311778 3891.92 
0.312207 3883.88 
0.312637 3875.88 
0.313066 3867.92 
0.313496 3859.99 
0.313925 3852.09 
0.314354 3844.23 
0.314784 3836.4 
0.315213 3828.6 
0.315643 3820.83 
0.316072 3813.08 
0.316501 3805.36 
0.316931 3797.67 
0.31736 3790 
0.317789 3782.35 
0.318219 3774.73 
0.318648 3767.12 
0.319078 3759.53 
0.319507 3751.97 
0.319936 3744.41 
0.320366 3736.88 
0.320795 3729.36 
0.321225 3721.85 
0.321654 3714.35 
0.322083 3706.86 
0.322513 3699.39 
0.322942 3691.92 
0.323372 3684.46 
0.323801 3677 
0.32423 3669.55 
0.32466 3662.1 
0.325089 3654.66 
0.325518 3647.22 
0.325948 3639.78 
0.326377 3632.35 
0.326807 3624.93 
0.327236 3617.51 
0.327665 3610.09 
0.328095 3602.68 
0.328524 3595.28 
0.328954 3587.88 
0.329383 3580.49 
0.329812 3573.11 
0.330242 3565.73 
0.330671 3558.36 
0.331101 3551 
0.33153 3543.64 
0.331959 3536.3 
0.332389 3528.96 
0.332818 3521.63 
0.333247 3514.31 
0.333677 3506.99 
0.334106 3499.69 
0.334536 3492.4 
0.334965 3485.11 
0.335394 3477.84 
0.335824 3470.58 
0.336253 3463.32 
0.336683 3456.08 
0.337112 3448.85 
0.337541 3441.63 
0.337971 3434.42 
0.3384 3427.23 
0.338829 3420.04 
0.339259 3412.87 
0.339688 3405.71 
0.340118 3398.56 
0.340547 3391.43 
0.340976 3384.31 
0.341406 3377.2 
0.341835 3370.1 
0.342265 3363.02 
0.342694 3355.96 
0.343123 3348.91 
0.343553 3341.87 
0.343982 3334.85 
0.344412 3327.84 
0.344841 3320.85 
0.34527 3313.87 
0.3457 3306.91 
0.346129 3299.97 
0.346558 3293.04 
0.346988 3286.13 
0.347417 3279.23 
0.347847 3272.35 
0.348276 3265.49 
0.348705 3258.65 
0.349135 3251.82 
0.349564 3245.01 
0.349994 3238.22 
0.350423 3231.45 
0.350852 3224.7 
0.351282 3217.96 
0.351711 3211.25 
0.35214 3204.55 
0.35257 3197.87 
0.352999 3191.22 
0.353429 3184.58 
0.353858 3177.96 
0.354287 3171.37 
0.354717 3164.79 
0.355146 3158.23 
0.355576 3151.7 
0.356005 3145.18 
0.356434 3138.69 
0.356864 3132.22 
0.357293 3125.77 
0.357723 3119.34 
0.358152 3112.93 
0.358581 3106.55 
0.359011 3100.18 
0.35944 3093.84 
0.359869 3087.51 
0.360299 3081.21 
0.360728 3074.92 
0.361158 3068.66 
0.361587 3062.42 
0.362016 3056.2 
0.362446 3050 
0.362875 3043.82 
0.363305 3037.66 
0.363734 3031.52 
0.364163 3025.4 
0.364593 3019.3 
0.365022 3013.22 
0.365451 3007.16 
0.365881 3001.12 
0.36631 2995.1 
0.36674 2989.1 
0.367169 2983.12 
0.367598 2977.16 
0.368028 2971.22 
0.368457 2965.3 
0.368887 2959.4 
0.369316 2953.51 
0.369745 2947.65 
0.370175 2941.81 
0.370604 2935.98 
0.371034 2930.18 
0.371463 2924.39 
0.371892 2918.63 
0.372322 2912.88 
0.372751 2907.15 
0.37318 2901.44 
0.37361 2895.75 
0.374039 2890.08 
0.374469 2884.43 
0.374898 2878.79 
0.375327 2873.18 
0.375757 2867.58 
0.376186 2862 
0.376616 2856.44 
0.377045 2850.9 
0.377474 2845.38 
0.377904 2839.87 
0.378333 2834.39 
0.378762 2828.92 
0.379192 2823.47 
0.379621 2818.03 
0.380051 2812.62 
0.38048 2807.22 
0.380909 2801.84 
0.381339 2796.48 
0.381768 2791.14 
0.382198 2785.81 
0.382627 2780.51 
0.383056 2775.21 
0.383486 2769.94 
0.383915 2764.69 
0.384345 2759.45 
0.384774 2754.23 
0.385203 2749.02 
0.385633 2743.83 
0.386062 2738.66 
0.386491 2733.51 
0.386921 2728.38 
0.38735 2723.26 
0.38778 2718.15 
0.388209 2713.07 
0.388638 2708 
0.389068 2702.95 
0.389497 2697.91 
0.389927 2692.89 
0.390356 2687.89 
0.390785 2682.9 
0.391215 2677.93 
0.391644 2672.98 
0.392074 2668.04 
0.392503 2663.12 
0.392932 2658.21 
0.393362 2653.32 
0.393791 2648.44 
0.39422 2643.58 
0.39465 2638.73 
0.395079 2633.89 
0.395509 2629.07 
0.395938 2624.27 
0.396367 2619.47 
0.396797 2614.69 
0.397226 2609.92 
0.397656 2605.17 
0.398085 2600.43 
0.398514 2595.7 
0.398944 2590.98 
0.399373 2586.27 
0.399802 2581.58 
0.400232 2576.89 
0.400661 2572.22 
0.401091 2567.56 
0.40152 2562.91 
0.401949 2558.27 
0.402379 2553.64 
0.402808 2549.02 
0.403238 2544.41 
0.403667 2539.81 
0.404096 2535.22 
0.404526 2530.64 
0.404955 2526.07 
0.405385 2521.5 
0.405814 2516.95 
0.406243 2512.4 
0.406673 2507.86 
0.407102 2503.33 
0.407531 2498.8 
0.407961 2494.28 
0.40839 2489.77 
0.40882 2485.27 
0.409249 2480.77 
0.409678 2476.28 
0.410108 2471.8 
0.410537 2467.32 
0.410967 2462.85 
0.411396 2458.38 
0.411825 2453.92 
0.412255 2449.47 
0.412684 2445.01 
0.413113 2440.57 
0.413543 2436.12 
0.413972 2431.69 
0.414402 2427.25 
0.414831 2422.82 
0.41526 2418.4 
0.41569 2413.97 
0.416119 2409.55 
0.416549 2405.13 
0.416978 2400.72 
0.417407 2396.31 
0.417837 2391.9 
0.418266 2387.49 
0.418696 2383.08 
0.419125 2378.68 
0.419554 2374.27 
0.419984 2369.87 
0.420413 2365.47 
0.420842 2361.07 
0.421272 2356.67 
0.421701 2352.27 
0.422131 2347.87 
0.42256 2343.47 
0.422989 2339.07 
0.423419 2334.67 
0.423848 2330.27 
0.424278 2325.87 
0.424707 2321.47 
0.425136 2317.06 
0.425566 2312.66 
0.425995 2308.25 
0.426424 2303.84 
0.426854 2299.43 
0.427283 2295.01 
0.427713 2290.59 
0.428142 2286.17 
0.428571 2281.75 
