0.0201474
7.46269e-05 315.542 
0.000298582 1200.74 
0.000522537 2054.35 
0.000746493 2887.26 
0.000970448 3702.8 
0.0011944 4502.13 
0.00141836 5285.85 
0.00164231 6054.43 
0.00186627 6808.16 
0.00209022 7547.26 
0.00231418 8271.96 
0.00253813 8982.44 
0.00276209 9678.88 
0.00298605 10361.5 
0.00321 11030.3 
0.00343396 11685.7 
0.00365791 12327.6 
0.00388187 12956.4 
0.00410582 13572.1 
0.00432978 14174.8 
0.00455373 14764.8 
0.00477769 15342.2 
0.00500164 15907.1 
0.0052256 16459.7 
0.00544955 17000 
0.00567351 17528.3 
0.00589746 18044.6 
0.00612142 18549.1 
0.00634537 19041.9 
0.00656933 19523.2 
0.00679328 19992.9 
0.00701724 20451.4 
0.0072412 20898.6 
0.00746515 21334.7 
0.00768911 21759.7 
0.00791306 22173.9 
0.00813702 22577.3 
0.00836097 22970 
0.00858493 23352.2 
0.00880888 23723.8 
0.00903284 24085.2 
0.00925679 24436.2 
0.00948075 24777.1 
0.0097047 25107.9 
0.00992866 25428.8 
0.0101526 25739.8 
0.0103766 26041.1 
0.0106005 26332.7 
0.0108245 26614.8 
0.0110484 26887.4 
0.0112724 27150.7 
0.0114963 27404.8 
0.0117203 27649.8 
0.0119443 27885.7 
0.0121682 28112.7 
0.0123922 28331 
0.0126161 28540.5 
0.0128401 28741.4 
0.013064 28933.9 
0.013288 29117.9 
0.0135119 29293.8 
0.0137359 29461.4 
0.0139599 29621 
0.0141838 29772.7 
0.0144078 29916.6 
0.0146317 30052.8 
0.0148557 30181.4 
0.0150796 30302.6 
0.0153036 30416.4 
0.0155275 30522.9 
0.0157515 30622.4 
0.0159755 30714.8 
0.0161994 30800.4 
0.0164234 30879.2 
0.0166473 30951.4 
0.0168713 31017.1 
0.0170952 31076.3 
0.0173192 31129.3 
0.0175431 31176.2 
0.0177671 31217 
0.017991 31251.9 
0.018215 31281 
0.018439 31304.5 
0.0186629 31322.4 
0.0188869 31335 
0.0191108 31342.2 
0.0193348 31344.2 
0.0195587 31341.2 
0.0197827 31333.3 
0.0200066 31320.6 
0.0202306 31303.2 
0.0204546 31281.2 
0.0206785 31254.8 
0.0209025 31224.1 
0.0211264 31189.2 
0.0213504 31150.2 
0.0215743 31107.3 
0.0217983 31060.5 
0.0220222 31010 
0.0222462 30955.9 
0.0224702 30898.3 
0.0226941 30837.4 
0.0229181 30773.2 
0.023142 30705.8 
0.023366 30635.4 
0.0235899 30562.1 
0.0238139 30486 
0.0240378 30407.2 
0.0242618 30325.7 
0.0244858 30241.8 
0.0247097 30155.6 
0.0249337 30067 
0.0251576 29976.3 
0.0253816 29883.5 
0.0256055 29788.7 
0.0258295 29692.1 
0.0260534 29593.7 
0.0262774 29493.6 
0.0265013 29391.9 
0.0267253 29288.7 
0.0269493 29184.1 
0.0271732 29078.3 
0.0273972 28971.1 
0.0276211 28862.9 
0.0278451 28753.6 
0.028069 28643.3 
0.028293 28532.2 
0.0285169 28420.2 
0.0287409 28307.5 
0.0289649 28194.2 
0.0291888 28080.2 
0.0294128 27965.8 
0.0296367 27850.9 
0.0298607 27735.7 
0.0300846 27620.1 
0.0303086 27504.4 
0.0305325 27388.4 
0.0307565 27272.4 
0.0309805 27156.3 
0.0312044 27040.2 
0.0314284 26924.2 
0.0316523 26808.4 
0.0318763 26692.7 
0.0321002 26577.2 
0.0323242 26462 
0.0325481 26347.2 
0.0327721 26232.7 
0.0329961 26118.7 
0.03322 26005.2 
0.033444 25892.1 
0.0336679 25779.6 
0.0338919 25667.7 
0.0341158 25556.5 
0.0343398 25445.9 
0.0345637 25336 
0.0347877 25226.8 
0.0350116 25118.4 
0.0352356 25010.8 
0.0354596 24904 
0.0356835 24798.1 
0.0359075 24693.1 
0.0361314 24588.9 
0.0363554 24485.7 
0.0365793 24383.4 
0.0368033 24282.1 
0.0370272 24181.8 
0.0372512 24082.5 
0.0374752 23984.2 
0.0376991 23886.9 
0.0379231 23790.7 
0.038147 23695.5 
0.038371 23601.4 
0.0385949 23508.4 
0.0388189 23416.4 
0.0390428 23325.6 
0.0392668 23235.9 
0.0394908 23147.2 
0.0397147 23059.7 
0.0399387 22973.3 
0.0401626 22888 
0.0403866 22803.9 
0.0406105 22720.8 
0.0408345 22638.9 
0.0410584 22558.1 
0.0412824 22478.5 
0.0415064 22399.9 
0.0417303 22322.4 
0.0419543 22246.1 
0.0421782 22170.8 
0.0424022 22096.7 
0.0426261 22023.6 
0.0428501 21951.6 
0.043074 21880.6 
0.043298 21810.8 
0.0435219 21741.9 
0.0437459 21674.2 
0.0439699 21607.4 
0.0441938 21541.7 
0.0444178 21476.9 
0.0446417 21413.2 
0.0448657 21350.4 
0.0450896 21288.6 
0.0453136 21227.7 
0.0455375 21167.8 
0.0457615 21108.8 
0.0459855 21050.6 
0.0462094 20993.4 
0.0464334 20937 
0.0466573 20881.5 
0.0468813 20826.8 
0.0471052 20772.9 
0.0473292 20719.9 
0.0475531 20667.6 
0.0477771 20616 
0.0480011 20565.2 
0.048225 20515.1 
0.048449 20465.7 
0.0486729 20417 
0.0488969 20368.9 
0.0491208 20321.5 
0.0493448 20274.7 
0.0495687 20228.5 
0.0497927 20182.9 
0.0500167 20137.8 
0.0502406 20093.2 
0.0504646 20049.2 
0.0506885 20005.7 
0.0509125 19962.6 
0.0511364 19920 
0.0513604 19877.8 
0.0515843 19836 
0.0518083 19794.6 
0.0520322 19753.5 
0.0522562 19712.8 
0.0524802 19672.4 
0.0527041 19632.3 
0.0529281 19592.5 
0.053152 19553 
0.053376 19513.7 
0.0535999 19474.6 
0.0538239 19435.7 
0.0540478 19396.9 
0.0542718 19358.4 
0.0544958 19319.9 
0.0547197 19281.6 
0.0549437 19243.4 
0.0551676 19205.2 
0.0553916 19167.1 
0.0556155 19129 
0.0558395 19091 
0.0560634 19053 
0.0562874 19014.9 
0.0565114 18976.8 
0.0567353 18938.7 
0.0569593 18900.5 
0.0571832 18862.2 
0.0574072 18823.8 
0.0576311 18785.2 
0.0578551 18746.6 
0.058079 18707.8 
0.058303 18668.8 
0.058527 18629.7 
0.0587509 18590.3 
0.0589749 18550.8 
0.0591988 18511 
0.0594228 18471.1 
0.0596467 18430.8 
0.0598707 18390.3 
0.0600946 18349.6 
0.0603186 18308.5 
0.0605425 18267.2 
0.0607665 18225.6 
0.0609905 18183.6 
0.0612144 18141.4 
0.0614384 18098.8 
0.0616623 18055.9 
0.0618863 18012.7 
0.0621102 17969.1 
0.0623342 17925.1 
0.0625581 17880.8 
0.0627821 17836.1 
0.0630061 17791 
0.06323 17745.6 
0.063454 17699.8 
0.0636779 17653.5 
0.0639019 17606.9 
0.0641258 17560 
0.0643498 17512.6 
0.0645737 17464.8 
0.0647977 17416.6 
0.0650217 17368.1 
0.0652456 17319.1 
0.0654696 17269.7 
0.0656935 17219.9 
0.0659175 17169.7 
0.0661414 17119.2 
0.0663654 17068.2 
0.0665893 17016.8 
0.0668133 16965.1 
0.0670372 16913 
0.0672612 16860.5 
0.0674852 16807.6 
0.0677091 16754.3 
0.0679331 16700.7 
0.068157 16646.7 
0.068381 16592.3 
0.0686049 16537.6 
0.0688289 16482.6 
0.0690528 16427.2 
0.0692768 16371.4 
0.0695008 16315.4 
0.0697247 16259 
0.0699487 16202.3 
0.0701726 16145.4 
0.0703966 16088.1 
0.0706205 16030.6 
0.0708445 15972.8 
0.0710684 15914.7 
0.0712924 15856.4 
0.0715164 15797.8 
0.0717403 15739 
0.0719643 15679.9 
0.0721882 15620.7 
0.0724122 15561.2 
0.0726361 15501.6 
0.0728601 15441.8 
0.073084 15381.8 
0.073308 15321.6 
0.073532 15261.4 
0.0737559 15201 
0.0739799 15140.4 
0.0742038 15079.8 
0.0744278 15019.1 
0.0746517 14958.2 
0.0748757 14897.4 
0.0750996 14836.4 
0.0753236 14775.4 
0.0755475 14714.4 
0.0757715 14653.4 
0.0759955 14592.3 
0.0762194 14531.3 
0.0764434 14470.2 
0.0766673 14409.2 
0.0768913 14348.3 
0.0771152 14287.4 
0.0773392 14226.6 
0.0775631 14165.8 
0.0777871 14105.2 
0.0780111 14044.6 
0.078235 13984.2 
0.078459 13923.9 
0.0786829 13863.8 
0.0789069 13803.8 
0.0791308 13744 
0.0793548 13684.3 
0.0795787 13624.8 
0.0798027 13565.6 
0.0800267 13506.5 
0.0802506 13447.7 
0.0804746 13389.1 
0.0806985 13330.8 
0.0809225 13272.7 
0.0811464 13214.9 
0.0813704 13157.3 
0.0815943 13100.1 
0.0818183 13043.1 
0.0820423 12986.5 
0.0822662 12930.2 
0.0824902 12874.2 
0.0827141 12818.5 
0.0829381 12763.2 
0.083162 12708.2 
0.083386 12653.6 
0.0836099 12599.4 
0.0838339 12545.5 
0.0840578 12492 
0.0842818 12438.9 
0.0845058 12386.3 
0.0847297 12334 
0.0849537 12282.1 
0.0851776 12230.7 
0.0854016 12179.7 
0.0856255 12129.1 
0.0858495 12079 
0.0860734 12029.3 
0.0862974 11980.1 
0.0865214 11931.3 
0.0867453 11883 
0.0869693 11835.1 
0.0871932 11787.7 
0.0874172 11740.8 
0.0876411 11694.3 
0.0878651 11648.4 
0.088089 11602.9 
0.088313 11557.9 
0.088537 11513.3 
0.0887609 11469.3 
0.0889849 11425.8 
0.0892088 11382.8 
0.0894328 11340.2 
0.0896567 11298.2 
0.0898807 11256.7 
0.0901046 11215.6 
0.0903286 11175.1 
0.0905526 11135.1 
0.0907765 11095.5 
0.0910005 11056.5 
0.0912244 11017.9 
0.0914484 10979.9 
0.0916723 10942.3 
0.0918963 10905.3 
0.0921202 10868.7 
0.0923442 10832.7 
0.0925681 10797.1 
0.0927921 10762 
0.0930161 10727.5 
0.09324 10693.4 
0.093464 10659.8 
0.0936879 10626.7 
0.0939119 10594 
0.0941358 10561.9 
0.0943598 10530.2 
0.0945837 10499 
0.0948077 10468.2 
0.0950317 10437.9 
0.0952556 10408.1 
0.0954796 10378.7 
0.0957035 10349.7 
0.0959275 10321.2 
0.0961514 10293.2 
0.0963754 10265.5 
0.0965993 10238.3 
0.0968233 10211.6 
0.0970473 10185.2 
0.0972712 10159.3 
0.0974952 10133.7 
0.0977191 10108.6 
0.0979431 10083.9 
0.098167 10059.6 
0.098391 10035.6 
0.0986149 10012.1 
0.0988389 9988.85 
0.0990629 9966.01 
0.0992868 9943.52 
0.0995108 9921.38 
0.0997347 9899.59 
0.0999587 9878.13 
0.100183 9857 
0.100407 9836.19 
0.100631 9815.7 
0.100854 9795.51 
0.101078 9775.63 
0.101302 9756.04 
0.101526 9736.74 
0.10175 9717.72 
0.101974 9698.97 
0.102198 9680.49 
0.102422 9662.26 
0.102646 9644.28 
0.10287 9626.54 
0.103094 9609.03 
0.103318 9591.74 
0.103542 9574.68 
0.103766 9557.82 
0.10399 9541.16 
0.104214 9524.69 
0.104438 9508.4 
0.104662 9492.3 
0.104886 9476.36 
0.10511 9460.58 
0.105334 9444.95 
0.105558 9429.46 
0.105782 9414.11 
0.106005 9398.89 
0.106229 9383.79 
0.106453 9368.81 
0.106677 9353.92 
0.106901 9339.14 
0.107125 9324.45 
0.107349 9309.84 
0.107573 9295.31 
0.107797 9280.84 
0.108021 9266.44 
0.108245 9252.1 
0.108469 9237.8 
0.108693 9223.54 
0.108917 9209.31 
0.109141 9195.1 
0.109365 9180.92 
0.109589 9166.74 
0.109813 9152.57 
0.110037 9138.39 
0.110261 9124.2 
0.110485 9109.99 
0.110709 9095.75 
0.110932 9081.48 
0.111156 9067.18 
0.11138 9052.82 
0.111604 9038.43 
0.111828 9023.98 
0.112052 9009.47 
0.112276 8994.9 
0.1125 8980.26 
0.112724 8965.55 
0.112948 8950.77 
0.113172 8935.9 
0.113396 8920.95 
0.11362 8905.9 
0.113844 8890.76 
0.114068 8875.52 
0.114292 8860.17 
0.114516 8844.7 
0.11474 8829.13 
0.114964 8813.43 
0.115188 8797.6 
0.115412 8781.65 
0.115636 8765.55 
0.115859 8749.32 
0.116083 8732.95 
0.116307 8716.44 
0.116531 8699.79 
0.116755 8682.99 
0.116979 8666.05 
0.117203 8648.96 
0.117427 8631.73 
0.117651 8614.35 
0.117875 8596.81 
0.118099 8579.13 
0.118323 8561.29 
0.118547 8543.3 
0.118771 8525.16 
0.118995 8506.85 
0.119219 8488.4 
0.119443 8469.78 
0.119667 8451 
0.119891 8432.07 
0.120115 8412.97 
0.120339 8393.7 
0.120563 8374.28 
0.120787 8354.68 
0.12101 8334.93 
0.121234 8315.01 
0.121458 8294.93 
0.121682 8274.69 
0.121906 8254.3 
0.12213 8233.76 
0.122354 8213.06 
0.122578 8192.22 
0.122802 8171.23 
0.123026 8150.1 
0.12325 8128.83 
0.123474 8107.42 
0.123698 8085.87 
0.123922 8064.19 
0.124146 8042.38 
0.12437 8020.44 
0.124594 7998.37 
0.124818 7976.18 
0.125042 7953.87 
0.125266 7931.43 
0.12549 7908.88 
0.125714 7886.22 
0.125937 7863.44 
0.126161 7840.56 
0.126385 7817.56 
0.126609 7794.47 
0.126833 7771.28 
0.127057 7747.99 
0.127281 7724.62 
0.127505 7701.17 
0.127729 7677.63 
0.127953 7654.03 
0.128177 7630.35 
0.128401 7606.61 
0.128625 7582.8 
0.128849 7558.95 
0.129073 7535.04 
0.129297 7511.08 
0.129521 7487.08 
0.129745 7463.04 
0.129969 7438.97 
0.130193 7414.87 
0.130417 7390.74 
0.130641 7366.6 
0.130864 7342.44 
0.131088 7318.26 
0.131312 7294.08 
0.131536 7269.9 
0.13176 7245.72 
0.131984 7221.54 
0.132208 7197.38 
0.132432 7173.23 
0.132656 7149.1 
0.13288 7125 
0.133104 7100.92 
0.133328 7076.88 
0.133552 7052.87 
0.133776 7028.91 
0.134 7005 
0.134224 6981.13 
0.134448 6957.32 
0.134672 6933.57 
0.134896 6909.89 
0.13512 6886.28 
0.135344 6862.73 
0.135568 6839.27 
0.135792 6815.89 
0.136015 6792.59 
0.136239 6769.39 
0.136463 6746.28 
0.136687 6723.26 
0.136911 6700.36 
0.137135 6677.55 
0.137359 6654.86 
0.137583 6632.29 
0.137807 6609.84 
0.138031 6587.5 
0.138255 6565.3 
0.138479 6543.22 
0.138703 6521.27 
0.138927 6499.45 
0.139151 6477.77 
0.139375 6456.22 
0.139599 6434.82 
0.139823 6413.56 
0.140047 6392.44 
0.140271 6371.47 
0.140495 6350.65 
0.140719 6329.98 
0.140942 6309.47 
0.141166 6289.11 
0.14139 6268.92 
0.141614 6248.89 
0.141838 6229.02 
0.142062 6209.32 
0.142286 6189.78 
0.14251 6170.42 
0.142734 6151.24 
0.142958 6132.23 
0.143182 6113.39 
0.143406 6094.74 
0.14363 6076.28 
0.143854 6058 
0.144078 6039.9 
0.144302 6022 
0.144526 6004.27 
0.14475 5986.74 
0.144974 5969.39 
0.145198 5952.22 
0.145422 5935.24 
0.145646 5918.45 
0.14587 5901.84 
0.146093 5885.42 
0.146317 5869.18 
0.146541 5853.12 
0.146765 5837.25 
0.146989 5821.56 
0.147213 5806.06 
0.147437 5790.74 
0.147661 5775.61 
0.147885 5760.65 
0.148109 5745.89 
0.148333 5731.3 
0.148557 5716.9 
0.148781 5702.68 
0.149005 5688.64 
0.149229 5674.79 
0.149453 5661.12 
0.149677 5647.63 
0.149901 5634.33 
0.150125 5621.21 
0.150349 5608.27 
0.150573 5595.51 
0.150797 5582.92 
0.15102 5570.51 
0.151244 5558.28 
0.151468 5546.21 
0.151692 5534.32 
0.151916 5522.59 
0.15214 5511.02 
0.152364 5499.61 
0.152588 5488.37 
0.152812 5477.28 
0.153036 5466.34 
0.15326 5455.56 
0.153484 5444.92 
0.153708 5434.44 
0.153932 5424.1 
0.154156 5413.9 
0.15438 5403.85 
0.154604 5393.93 
0.154828 5384.15 
0.155052 5374.5 
0.155276 5364.99 
0.1555 5355.61 
0.155724 5346.35 
0.155947 5337.22 
0.156171 5328.21 
0.156395 5319.33 
0.156619 5310.56 
0.156843 5301.91 
0.157067 5293.37 
0.157291 5284.95 
0.157515 5276.63 
0.157739 5268.42 
0.157963 5260.31 
0.158187 5252.31 
0.158411 5244.39 
0.158635 5236.57 
0.158859 5228.84 
0.159083 5221.2 
0.159307 5213.64 
0.159531 5206.16 
0.159755 5198.75 
0.159979 5191.43 
0.160203 5184.17 
0.160427 5176.98 
0.160651 5169.86 
0.160875 5162.8 
0.161098 5155.8 
0.161322 5148.85 
0.161546 5141.96 
0.16177 5135.12 
0.161994 5128.32 
0.162218 5121.57 
0.162442 5114.86 
0.162666 5108.19 
0.16289 5101.55 
0.163114 5094.94 
0.163338 5088.36 
0.163562 5081.81 
0.163786 5075.28 
0.16401 5068.77 
0.164234 5062.27 
0.164458 5055.79 
0.164682 5049.33 
0.164906 5042.87 
0.16513 5036.42 
0.165354 5029.98 
0.165578 5023.54 
0.165802 5017.1 
0.166025 5010.66 
0.166249 5004.21 
0.166473 4997.76 
0.166697 4991.31 
0.166921 4984.84 
0.167145 4978.36 
0.167369 4971.86 
0.167593 4965.35 
0.167817 4958.81 
0.168041 4952.26 
0.168265 4945.68 
0.168489 4939.08 
0.168713 4932.44 
0.168937 4925.78 
0.169161 4919.08 
0.169385 4912.35 
0.169609 4905.58 
0.169833 4898.77 
0.170057 4891.92 
0.170281 4885.02 
0.170505 4878.08 
0.170729 4871.09 
0.170952 4864.04 
0.171176 4856.95 
0.1714 4849.79 
0.171624 4842.59 
0.171848 4835.32 
0.172072 4828 
0.172296 4820.62 
0.17252 4813.19 
0.172744 4805.7 
0.172968 4798.15 
0.173192 4790.54 
0.173416 4782.87 
0.17364 4775.14 
0.173864 4767.36 
0.174088 4759.52 
0.174312 4751.61 
0.174536 4743.65 
0.17476 4735.62 
0.174984 4727.53 
0.175208 4719.39 
0.175432 4711.18 
0.175656 4702.91 
0.17588 4694.58 
0.176103 4686.18 
0.176327 4677.72 
0.176551 4669.2 
0.176775 4660.62 
0.176999 4651.97 
0.177223 4643.26 
0.177447 4634.48 
0.177671 4625.64 
0.177895 4616.73 
0.178119 4607.76 
0.178343 4598.73 
0.178567 4589.63 
0.178791 4580.46 
0.179015 4571.22 
0.179239 4561.93 
0.179463 4552.56 
0.179687 4543.14 
0.179911 4533.66 
0.180135 4524.11 
0.180359 4514.51 
0.180583 4504.85 
0.180807 4495.14 
0.18103 4485.38 
0.181254 4475.56 
0.181478 4465.69 
0.181702 4455.78 
0.181926 4445.82 
0.18215 4435.81 
0.182374 4425.75 
0.182598 4415.66 
0.182822 4405.52 
0.183046 4395.34 
0.18327 4385.13 
0.183494 4374.87 
0.183718 4364.58 
0.183942 4354.26 
0.184166 4343.9 
0.18439 4333.51 
0.184614 4323.09 
0.184838 4312.65 
0.185062 4302.17 
0.185286 4291.67 
0.18551 4281.15 
0.185734 4270.6 
0.185957 4260.03 
0.186181 4249.44 
0.186405 4238.83 
0.186629 4228.21 
0.186853 4217.56 
0.187077 4206.91 
0.187301 4196.24 
0.187525 4185.56 
0.187749 4174.87 
0.187973 4164.18 
0.188197 4153.48 
0.188421 4142.77 
0.188645 4132.07 
0.188869 4121.36 
0.189093 4110.66 
0.189317 4099.96 
0.189541 4089.27 
0.189765 4078.58 
0.189989 4067.9 
0.190213 4057.24 
0.190437 4046.59 
0.190661 4035.95 
0.190885 4025.33 
0.191108 4014.72 
0.191332 4004.14 
0.191556 3993.58 
0.19178 3983.04 
0.192004 3972.53 
0.192228 3962.04 
0.192452 3951.58 
0.192676 3941.15 
0.1929 3930.76 
0.193124 3920.4 
0.193348 3910.07 
0.193572 3899.78 
0.193796 3889.53 
0.19402 3879.32 
0.194244 3869.16 
0.194468 3859.03 
0.194692 3848.96 
0.194916 3838.93 
0.19514 3828.94 
0.195364 3819.01 
0.195588 3809.13 
0.195812 3799.31 
0.196035 3789.53 
0.196259 3779.81 
0.196483 3770.15 
0.196707 3760.53 
0.196931 3750.98 
0.197155 3741.48 
0.197379 3732.04 
0.197603 3722.65 
0.197827 3713.33 
0.198051 3704.06 
0.198275 3694.86 
0.198499 3685.71 
0.198723 3676.63 
0.198947 3667.6 
0.199171 3658.65 
0.199395 3649.75 
0.199619 3640.92 
0.199843 3632.15 
0.200067 3623.45 
0.200291 3614.82 
0.200515 3606.25 
0.200739 3597.76 
0.200962 3589.33 
0.201186 3580.97 
0.20141 3572.67 
0.201634 3564.45 
0.201858 3556.31 
0.202082 3548.23 
0.202306 3540.22 
0.20253 3532.29 
0.202754 3524.44 
0.202978 3516.66 
0.203202 3508.95 
0.203426 3501.32 
0.20365 3493.76 
0.203874 3486.29 
0.204098 3478.89 
0.204322 3471.57 
0.204546 3464.32 
0.20477 3457.16 
0.204994 3450.06 
0.205218 3443.05 
0.205442 3436.1 
0.205666 3429.23 
0.20589 3422.43 
0.206113 3415.71 
0.206337 3409.05 
0.206561 3402.47 
0.206785 3395.95 
0.207009 3389.51 
0.207233 3383.13 
0.207457 3376.83 
0.207681 3370.59 
0.207905 3364.41 
0.208129 3358.31 
0.208353 3352.27 
0.208577 3346.29 
0.208801 3340.38 
0.209025 3334.53 
0.209249 3328.75 
0.209473 3323.03 
0.209697 3317.37 
0.209921 3311.77 
0.210145 3306.23 
0.210369 3300.76 
0.210593 3295.34 
0.210817 3289.98 
0.21104 3284.68 
0.211264 3279.44 
0.211488 3274.25 
0.211712 3269.12 
0.211936 3264.05 
0.21216 3259.03 
0.212384 3254.07 
0.212608 3249.16 
0.212832 3244.3 
0.213056 3239.5 
0.21328 3234.75 
0.213504 3230.05 
0.213728 3225.4 
0.213952 3220.79 
0.214176 3216.24 
0.2144 3211.73 
0.214624 3207.27 
0.214848 3202.85 
0.215072 3198.47 
0.215296 3194.13 
0.21552 3189.83 
0.215744 3185.57 
0.215967 3181.35 
0.216191 3177.17 
0.216415 3173.02 
0.216639 3168.9 
0.216863 3164.81 
0.217087 3160.76 
0.217311 3156.74 
0.217535 3152.75 
0.217759 3148.78 
0.217983 3144.84 
0.218207 3140.93 
0.218431 3137.04 
0.218655 3133.17 
0.218879 3129.33 
0.219103 3125.51 
0.219327 3121.7 
0.219551 3117.92 
0.219775 3114.15 
0.219999 3110.4 
0.220223 3106.66 
0.220447 3102.93 
0.220671 3099.22 
0.220895 3095.52 
0.221118 3091.83 
0.221342 3088.14 
0.221566 3084.47 
0.22179 3080.8 
0.222014 3077.14 
0.222238 3073.48 
0.222462 3069.82 
0.222686 3066.16 
0.22291 3062.51 
0.223134 3058.86 
0.223358 3055.2 
0.223582 3051.54 
0.223806 3047.89 
0.22403 3044.23 
0.224254 3040.56 
0.224478 3036.9 
0.224702 3033.22 
0.224926 3029.55 
0.22515 3025.87 
0.225374 3022.18 
0.225598 3018.48 
0.225822 3014.78 
0.226045 3011.07 
0.226269 3007.34 
0.226493 3003.61 
0.226717 2999.87 
0.226941 2996.12 
0.227165 2992.35 
0.227389 2988.58 
0.227613 2984.79 
0.227837 2980.98 
0.228061 2977.17 
0.228285 2973.33 
0.228509 2969.48 
0.228733 2965.62 
0.228957 2961.74 
0.229181 2957.84 
0.229405 2953.92 
0.229629 2949.98 
0.229853 2946.02 
0.230077 2942.05 
0.230301 2938.05 
0.230525 2934.03 
0.230749 2929.99 
0.230973 2925.92 
0.231196 2921.83 
0.23142 2917.72 
0.231644 2913.58 
0.231868 2909.42 
0.232092 2905.23 
0.232316 2901.02 
0.23254 2896.77 
0.232764 2892.5 
0.232988 2888.2 
0.233212 2883.88 
0.233436 2879.53 
0.23366 2875.15 
0.233884 2870.75 
0.234108 2866.32 
0.234332 2861.86 
0.234556 2857.38 
0.23478 2852.88 
0.235004 2848.35 
0.235228 2843.8 
0.235452 2839.23 
0.235676 2834.63 
0.2359 2830.01 
0.236123 2825.37 
0.236347 2820.71 
0.236571 2816.02 
0.236795 2811.32 
0.237019 2806.59 
0.237243 2801.84 
0.237467 2797.08 
0.237691 2792.29 
0.237915 2787.48 
0.238139 2782.66 
0.238363 2777.81 
0.238587 2772.95 
0.238811 2768.07 
0.239035 2763.17 
0.239259 2758.25 
0.239483 2753.32 
0.239707 2748.37 
0.239931 2743.4 
0.240155 2738.42 
0.240379 2733.42 
0.240603 2728.41 
0.240827 2723.38 
0.24105 2718.34 
0.241274 2713.29 
0.241498 2708.22 
0.241722 2703.13 
0.241946 2698.04 
0.24217 2692.93 
0.242394 2687.8 
0.242618 2682.67 
0.242842 2677.52 
0.243066 2672.37 
0.24329 2667.2 
0.243514 2662.02 
0.243738 2656.84 
0.243962 2651.64 
0.244186 2646.44 
0.24441 2641.23 
0.244634 2636.01 
0.244858 2630.79 
0.245082 2625.56 
0.245306 2620.33 
0.24553 2615.1 
0.245754 2609.86 
0.245978 2604.63 
0.246201 2599.39 
0.246425 2594.15 
0.246649 2588.91 
0.246873 2583.67 
0.247097 2578.43 
0.247321 2573.2 
0.247545 2567.97 
0.247769 2562.74 
0.247993 2557.52 
0.248217 2552.3 
0.248441 2547.09 
0.248665 2541.88 
0.248889 2536.68 
0.249113 2531.49 
0.249337 2526.31 
0.249561 2521.14 
0.249785 2515.98 
0.250009 2510.83 
0.250233 2505.69 
0.250457 2500.56 
0.250681 2495.44 
0.250905 2490.34 
0.251128 2485.25 
0.251352 2480.18 
0.251576 2475.13 
0.2518 2470.08 
0.252024 2465.06 
0.252248 2460.05 
0.252472 2455.07 
0.252696 2450.1 
0.25292 2445.15 
0.253144 2440.22 
0.253368 2435.31 
0.253592 2430.42 
0.253816 2425.56 
0.25404 2420.72 
0.254264 2415.9 
0.254488 2411.1 
0.254712 2406.33 
0.254936 2401.58 
0.25516 2396.85 
0.255384 2392.14 
0.255608 2387.47 
0.255832 2382.81 
0.256055 2378.18 
0.256279 2373.57 
0.256503 2368.99 
0.256727 2364.43 
0.256951 2359.9 
0.257175 2355.39 
0.257399 2350.9 
0.257623 2346.45 
0.257847 2342.01 
0.258071 2337.61 
0.258295 2333.23 
0.258519 2328.87 
0.258743 2324.54 
0.258967 2320.24 
0.259191 2315.97 
0.259415 2311.72 
0.259639 2307.5 
0.259863 2303.3 
0.260087 2299.13 
0.260311 2294.99 
0.260535 2290.88 
0.260759 2286.8 
0.260983 2282.74 
0.261206 2278.71 
0.26143 2274.71 
0.261654 2270.74 
0.261878 2266.8 
0.262102 2262.88 
0.262326 2259 
0.26255 2255.14 
0.262774 2251.32 
0.262998 2247.52 
0.263222 2243.75 
0.263446 2240.01 
0.26367 2236.31 
0.263894 2232.63 
0.264118 2228.98 
0.264342 2225.36 
0.264566 2221.78 
0.26479 2218.22 
0.265014 2214.7 
0.265238 2211.21 
0.265462 2207.75 
0.265686 2204.31 
0.26591 2200.91 
0.266133 2197.54 
0.266357 2194.2 
0.266581 2190.88 
0.266805 2187.59 
0.267029 2184.34 
0.267253 2181.1 
0.267477 2177.9 
0.267701 2174.72 
0.267925 2171.57 
0.268149 2168.44 
0.268373 2165.34 
0.268597 2162.27 
0.268821 2159.22 
0.269045 2156.19 
0.269269 2153.19 
0.269493 2150.21 
0.269717 2147.25 
0.269941 2144.31 
0.270165 2141.4 
0.270389 2138.51 
0.270613 2135.64 
0.270837 2132.79 
0.27106 2129.96 
0.271284 2127.15 
0.271508 2124.36 
0.271732 2121.59 
0.271956 2118.84 
0.27218 2116.11 
0.272404 2113.4 
0.272628 2110.7 
0.272852 2108.02 
0.273076 2105.36 
0.2733 2102.71 
0.273524 2100.08 
0.273748 2097.47 
0.273972 2094.87 
0.274196 2092.28 
0.27442 2089.71 
0.274644 2087.16 
0.274868 2084.61 
0.275092 2082.08 
0.275316 2079.57 
0.27554 2077.06 
0.275764 2074.57 
0.275988 2072.09 
0.276211 2069.62 
0.276435 2067.17 
0.276659 2064.72 
0.276883 2062.28 
0.277107 2059.85 
0.277331 2057.44 
0.277555 2055.03 
0.277779 2052.63 
0.278003 2050.23 
0.278227 2047.85 
0.278451 2045.47 
0.278675 2043.1 
0.278899 2040.74 
0.279123 2038.39 
0.279347 2036.04 
0.279571 2033.69 
0.279795 2031.35 
0.280019 2029.02 
0.280243 2026.69 
0.280467 2024.37 
0.280691 2022.05 
0.280915 2019.73 
0.281138 2017.42 
0.281362 2015.11 
0.281586 2012.8 
0.28181 2010.49 
0.282034 2008.19 
0.282258 2005.89 
0.282482 2003.58 
0.282706 2001.28 
0.28293 1998.98 
0.283154 1996.68 
0.283378 1994.38 
0.283602 1992.08 
0.283826 1989.78 
0.28405 1987.48 
0.284274 1985.18 
0.284498 1982.87 
0.284722 1980.56 
0.284946 1978.25 
0.28517 1975.94 
0.285394 1973.62 
0.285618 1971.3 
0.285842 1968.97 
0.286065 1966.64 
0.286289 1964.3 
0.286513 1961.96 
0.286737 1959.62 
0.286961 1957.27 
0.287185 1954.91 
0.287409 1952.55 
0.287633 1950.18 
0.287857 1947.8 
0.288081 1945.41 
0.288305 1943.02 
0.288529 1940.62 
0.288753 1938.2 
0.288977 1935.79 
0.289201 1933.36 
0.289425 1930.92 
0.289649 1928.47 
0.289873 1926.01 
0.290097 1923.55 
0.290321 1921.07 
0.290545 1918.59 
0.290769 1916.09 
0.290993 1913.59 
0.291216 1911.08 
0.29144 1908.56 
0.291664 1906.03 
0.291888 1903.49 
0.292112 1900.95 
0.292336 1898.4 
0.29256 1895.84 
0.292784 1893.27 
0.293008 1890.69 
0.293232 1888.11 
0.293456 1885.52 
0.29368 1882.92 
0.293904 1880.31 
0.294128 1877.7 
0.294352 1875.08 
0.294576 1872.45 
0.2948 1869.82 
0.295024 1867.18 
0.295248 1864.53 
0.295472 1861.88 
0.295696 1859.22 
0.29592 1856.55 
0.296143 1853.88 
0.296367 1851.2 
0.296591 1848.52 
0.296815 1845.83 
0.297039 1843.14 
0.297263 1840.44 
0.297487 1837.73 
0.297711 1835.02 
0.297935 1832.3 
0.298159 1829.58 
0.298383 1826.86 
0.298607 1824.13 
0.298831 1821.39 
0.299055 1818.65 
0.299279 1815.91 
0.299503 1813.16 
0.299727 1810.41 
0.299951 1807.65 
0.300175 1804.89 
0.300399 1802.13 
0.300623 1799.36 
0.300847 1796.59 
0.30107 1793.81 
0.301294 1791.03 
0.301518 1788.25 
0.301742 1785.47 
0.301966 1782.68 
0.30219 1779.89 
0.302414 1777.09 
0.302638 1774.3 
0.302862 1771.5 
0.303086 1768.7 
0.30331 1765.9 
0.303534 1763.09 
0.303758 1760.29 
0.303982 1757.49 
0.304206 1754.68 
0.30443 1751.87 
0.304654 1749.07 
0.304878 1746.26 
0.305102 1743.46 
0.305326 1740.65 
0.30555 1737.85 
0.305774 1735.04 
0.305998 1732.24 
0.306221 1729.44 
0.306445 1726.65 
0.306669 1723.85 
0.306893 1721.06 
0.307117 1718.27 
0.307341 1715.48 
0.307565 1712.7 
0.307789 1709.92 
0.308013 1707.14 
0.308237 1704.37 
0.308461 1701.6 
0.308685 1698.83 
0.308909 1696.08 
0.309133 1693.32 
0.309357 1690.57 
0.309581 1687.83 
0.309805 1685.09 
0.310029 1682.36 
0.310253 1679.64 
0.310477 1676.92 
0.310701 1674.21 
0.310925 1671.5 
0.311148 1668.8 
0.311372 1666.11 
0.311596 1663.43 
0.31182 1660.76 
0.312044 1658.09 
0.312268 1655.44 
0.312492 1652.79 
0.312716 1650.15 
0.31294 1647.52 
0.313164 1644.9 
0.313388 1642.29 
0.313612 1639.68 
0.313836 1637.09 
0.31406 1634.51 
0.314284 1631.94 
0.314508 1629.39 
0.314732 1626.84 
0.314956 1624.3 
0.31518 1621.78 
0.315404 1619.27 
0.315628 1616.76 
0.315852 1614.28 
0.316076 1611.8 
0.316299 1609.34 
0.316523 1606.89 
0.316747 1604.45 
0.316971 1602.02 
0.317195 1599.61 
0.317419 1597.2 
0.317643 1594.81 
0.317867 1592.43 
0.318091 1590.07 
0.318315 1587.71 
0.318539 1585.37 
0.318763 1583.04 
0.318987 1580.72 
0.319211 1578.41 
0.319435 1576.12 
0.319659 1573.83 
0.319883 1571.56 
0.320107 1569.3 
0.320331 1567.05 
0.320555 1564.81 
0.320779 1562.59 
0.321003 1560.37 
0.321226 1558.17 
0.32145 1555.97 
0.321674 1553.79 
0.321898 1551.62 
0.322122 1549.47 
0.322346 1547.32 
0.32257 1545.18 
0.322794 1543.06 
0.323018 1540.94 
0.323242 1538.84 
0.323466 1536.75 
0.32369 1534.67 
0.323914 1532.6 
0.324138 1530.54 
0.324362 1528.49 
0.324586 1526.45 
0.32481 1524.42 
0.325034 1522.41 
0.325258 1520.4 
0.325482 1518.41 
0.325706 1516.42 
0.32593 1514.45 
0.326153 1512.49 
0.326377 1510.53 
0.326601 1508.59 
0.326825 1506.66 
0.327049 1504.74 
0.327273 1502.83 
0.327497 1500.93 
0.327721 1499.03 
0.327945 1497.15 
0.328169 1495.28 
0.328393 1493.42 
0.328617 1491.57 
0.328841 1489.73 
0.329065 1487.9 
0.329289 1486.08 
0.329513 1484.27 
0.329737 1482.47 
0.329961 1480.68 
0.330185 1478.9 
0.330409 1477.13 
0.330633 1475.37 
0.330857 1473.62 
0.331081 1471.88 
0.331304 1470.14 
0.331528 1468.41 
0.331752 1466.7 
0.331976 1464.99 
0.3322 1463.29 
0.332424 1461.59 
0.332648 1459.91 
0.332872 1458.23 
0.333096 1456.56 
0.33332 1454.89 
0.333544 1453.24 
0.333768 1451.59 
0.333992 1449.94 
0.334216 1448.31 
0.33444 1446.67 
0.334664 1445.05 
0.334888 1443.43 
0.335112 1441.82 
0.335336 1440.21 
0.33556 1438.61 
0.335784 1437.01 
0.336008 1435.42 
0.336231 1433.83 
0.336455 1432.25 
0.336679 1430.67 
0.336903 1429.1 
0.337127 1427.53 
0.337351 1425.96 
0.337575 1424.4 
0.337799 1422.84 
0.338023 1421.28 
0.338247 1419.73 
0.338471 1418.18 
0.338695 1416.64 
0.338919 1415.09 
0.339143 1413.55 
0.339367 1412.01 
0.339591 1410.48 
0.339815 1408.94 
0.340039 1407.41 
0.340263 1405.88 
0.340487 1404.35 
0.340711 1402.82 
0.340935 1401.29 
0.341158 1399.76 
0.341382 1398.24 
0.341606 1396.71 
0.34183 1395.19 
0.342054 1393.66 
0.342278 1392.14 
0.342502 1390.61 
0.342726 1389.09 
0.34295 1387.56 
0.343174 1386.04 
0.343398 1384.51 
0.343622 1382.98 
0.343846 1381.45 
0.34407 1379.92 
0.344294 1378.39 
0.344518 1376.86 
0.344742 1375.32 
0.344966 1373.78 
0.34519 1372.25 
0.345414 1370.7 
0.345638 1369.16 
0.345862 1367.62 
0.346086 1366.07 
0.346309 1364.52 
0.346533 1362.97 
0.346757 1361.42 
0.346981 1359.87 
0.347205 1358.31 
0.347429 1356.76 
0.347653 1355.2 
0.347877 1353.64 
0.348101 1352.08 
0.348325 1350.52 
0.348549 1348.95 
0.348773 1347.38 
0.348997 1345.82 
0.349221 1344.25 
0.349445 1342.68 
0.349669 1341.1 
0.349893 1339.53 
0.350117 1337.95 
0.350341 1336.37 
0.350565 1334.8 
0.350789 1333.22 
0.351013 1331.63 
0.351236 1330.05 
0.35146 1328.46 
0.351684 1326.88 
0.351908 1325.29 
0.352132 1323.7 
0.352356 1322.11 
0.35258 1320.52 
0.352804 1318.92 
0.353028 1317.33 
0.353252 1315.73 
0.353476 1314.13 
0.3537 1312.53 
0.353924 1310.93 
0.354148 1309.33 
0.354372 1307.72 
0.354596 1306.12 
0.35482 1304.51 
0.355044 1302.9 
0.355268 1301.29 
0.355492 1299.68 
0.355716 1298.07 
0.35594 1296.46 
0.356163 1294.84 
0.356387 1293.23 
0.356611 1291.61 
0.356835 1289.99 
0.357059 1288.37 
0.357283 1286.75 
0.357507 1285.13 
0.357731 1283.5 
0.357955 1281.88 
0.358179 1280.25 
0.358403 1278.63 
0.358627 1277 
0.358851 1275.37 
0.359075 1273.74 
0.359299 1272.1 
0.359523 1270.47 
0.359747 1268.84 
0.359971 1267.2 
0.360195 1265.57 
0.360419 1263.93 
0.360643 1262.29 
0.360867 1260.65 
0.361091 1259.01 
0.361314 1257.37 
0.361538 1255.73 
0.361762 1254.09 
0.361986 1252.45 
0.36221 1250.81 
0.362434 1249.16 
0.362658 1247.52 
0.362882 1245.88 
0.363106 1244.24 
0.36333 1242.6 
0.363554 1240.96 
0.363778 1239.32 
0.364002 1237.68 
0.364226 1236.04 
0.36445 1234.4 
0.364674 1232.77 
0.364898 1231.13 
0.365122 1229.5 
0.365346 1227.86 
0.36557 1226.23 
0.365794 1224.6 
0.366018 1222.97 
0.366241 1221.34 
0.366465 1219.72 
0.366689 1218.09 
0.366913 1216.47 
0.367137 1214.85 
0.367361 1213.23 
0.367585 1211.62 
0.367809 1210 
0.368033 1208.39 
0.368257 1206.78 
0.368481 1205.18 
0.368705 1203.57 
0.368929 1201.97 
0.369153 1200.37 
0.369377 1198.78 
0.369601 1197.19 
0.369825 1195.6 
0.370049 1194.01 
0.370273 1192.43 
0.370497 1190.85 
0.370721 1189.28 
0.370945 1187.7 
0.371168 1186.14 
0.371392 1184.57 
0.371616 1183.01 
0.37184 1181.46 
0.372064 1179.9 
0.372288 1178.36 
0.372512 1176.81 
0.372736 1175.27 
0.37296 1173.74 
0.373184 1172.21 
0.373408 1170.68 
0.373632 1169.16 
0.373856 1167.64 
0.37408 1166.13 
0.374304 1164.63 
0.374528 1163.13 
0.374752 1161.63 
0.374976 1160.14 
0.3752 1158.65 
0.375424 1157.18 
0.375648 1155.7 
0.375872 1154.23 
0.376096 1152.77 
0.376319 1151.31 
0.376543 1149.86 
0.376767 1148.42 
0.376991 1146.98 
0.377215 1145.54 
0.377439 1144.11 
0.377663 1142.69 
0.377887 1141.27 
0.378111 1139.86 
0.378335 1138.45 
0.378559 1137.05 
0.378783 1135.66 
0.379007 1134.26 
0.379231 1132.88 
0.379455 1131.5 
0.379679 1130.12 
0.379903 1128.75 
0.380127 1127.39 
0.380351 1126.03 
0.380575 1124.68 
0.380799 1123.33 
0.381023 1121.98 
0.381246 1120.64 
0.38147 1119.31 
0.381694 1117.98 
0.381918 1116.65 
0.382142 1115.33 
0.382366 1114.02 
0.38259 1112.71 
0.382814 1111.4 
0.383038 1110.1 
0.383262 1108.81 
0.383486 1107.52 
0.38371 1106.23 
0.383934 1104.95 
0.384158 1103.67 
0.384382 1102.4 
0.384606 1101.13 
0.38483 1099.87 
0.385054 1098.61 
0.385278 1097.35 
0.385502 1096.1 
0.385726 1094.85 
0.38595 1093.61 
0.386173 1092.37 
0.386397 1091.14 
0.386621 1089.91 
0.386845 1088.69 
0.387069 1087.47 
0.387293 1086.25 
0.387517 1085.04 
0.387741 1083.83 
0.387965 1082.62 
0.388189 1081.42 
0.388413 1080.22 
0.388637 1079.03 
0.388861 1077.84 
0.389085 1076.66 
0.389309 1075.47 
0.389533 1074.3 
0.389757 1073.12 
0.389981 1071.95 
0.390205 1070.79 
0.390429 1069.62 
0.390653 1068.46 
0.390877 1067.31 
0.391101 1066.16 
0.391324 1065.01 
0.391548 1063.86 
0.391772 1062.72 
0.391996 1061.58 
0.39222 1060.45 
0.392444 1059.32 
0.392668 1058.19 
0.392892 1057.06 
0.393116 1055.94 
0.39334 1054.82 
0.393564 1053.71 
0.393788 1052.6 
0.394012 1051.49 
0.394236 1050.38 
0.39446 1049.28 
0.394684 1048.18 
0.394908 1047.08 
0.395132 1045.98 
0.395356 1044.89 
0.39558 1043.8 
0.395804 1042.72 
0.396028 1041.63 
0.396251 1040.55 
0.396475 1039.47 
0.396699 1038.39 
0.396923 1037.32 
0.397147 1036.24 
0.397371 1035.17 
0.397595 1034.1 
0.397819 1033.04 
0.398043 1031.97 
0.398267 1030.91 
0.398491 1029.85 
0.398715 1028.79 
0.398939 1027.73 
0.399163 1026.68 
0.399387 1025.62 
0.399611 1024.57 
0.399835 1023.52 
0.400059 1022.47 
0.400283 1021.42 
0.400507 1020.38 
0.400731 1019.33 
0.400955 1018.29 
0.401178 1017.25 
0.401402 1016.21 
0.401626 1015.16 
0.40185 1014.13 
0.402074 1013.09 
0.402298 1012.05 
0.402522 1011.01 
0.402746 1009.98 
0.40297 1008.94 
0.403194 1007.91 
0.403418 1006.87 
0.403642 1005.84 
0.403866 1004.81 
0.40409 1003.78 
0.404314 1002.75 
0.404538 1001.71 
0.404762 1000.68 
0.404986 999.652 
0.40521 998.622 
0.405434 997.592 
0.405658 996.561 
0.405882 995.531 
0.406106 994.501 
0.406329 993.471 
0.406553 992.44 
0.406777 991.41 
0.407001 990.379 
0.407225 989.348 
0.407449 988.316 
0.407673 987.285 
0.407897 986.252 
0.408121 985.219 
0.408345 984.186 
0.408569 983.152 
0.408793 982.117 
0.409017 981.082 
0.409241 980.046 
0.409465 979.009 
0.409689 977.971 
0.409913 976.932 
0.410137 975.892 
0.410361 974.852 
0.410585 973.81 
0.410809 972.767 
0.411033 971.723 
0.411256 970.678 
0.41148 969.632 
0.411704 968.586 
0.411928 967.538 
0.412152 966.49 
0.412376 965.442 
0.4126 964.392 
0.412824 963.342 
0.413048 962.292 
0.413272 961.241 
0.413496 960.189 
0.41372 959.137 
0.413944 958.085 
0.414168 957.032 
0.414392 955.979 
0.414616 954.926 
0.41484 953.873 
0.415064 952.819 
0.415288 951.766 
0.415512 950.712 
0.415736 949.658 
0.41596 948.605 
0.416184 947.551 
0.416407 946.498 
0.416631 945.444 
0.416855 944.391 
0.417079 943.339 
0.417303 942.286 
0.417527 941.234 
0.417751 940.182 
0.417975 939.131 
0.418199 938.08 
0.418423 937.03 
0.418647 935.98 
0.418871 934.931 
0.419095 933.883 
0.419319 932.835 
0.419543 931.788 
0.419767 930.742 
0.419991 929.697 
0.420215 928.652 
0.420439 927.609 
0.420663 926.566 
0.420887 925.525 
0.421111 924.484 
0.421334 923.445 
0.421558 922.407 
0.421782 921.37 
0.422006 920.334 
0.42223 919.3 
0.422454 918.267 
0.422678 917.235 
0.422902 916.204 
0.423126 915.176 
0.42335 914.148 
0.423574 913.122 
0.423798 912.098 
0.424022 911.075 
0.424246 910.054 
0.42447 909.035 
0.424694 908.017 
0.424918 907.002 
0.425142 905.988 
0.425366 904.976 
0.42559 903.966 
0.425814 902.958 
0.426038 901.952 
0.426261 900.948 
0.426485 899.946 
0.426709 898.946 
0.426933 897.948 
0.427157 896.953 
0.427381 895.96 
0.427605 894.969 
0.427829 893.98 
0.428053 892.994 
0.428277 892.011 
0.428501 891.03 
0.428725 890.051 
0.428949 889.075 
0.429173 888.101 
0.429397 887.13 
0.429621 886.162 
0.429845 885.195 
0.430069 884.231 
0.430293 883.27 
0.430517 882.31 
0.430741 881.353 
0.430965 880.398 
0.431189 879.445 
0.431412 878.495 
0.431636 877.546 
0.43186 876.6 
0.432084 875.656 
0.432308 874.714 
0.432532 873.773 
0.432756 872.835 
0.43298 871.898 
0.433204 870.964 
0.433428 870.031 
0.433652 869.1 
0.433876 868.171 
0.4341 867.244 
0.434324 866.318 
0.434548 865.394 
0.434772 864.472 
0.434996 863.551 
0.43522 862.632 
0.435444 861.715 
0.435668 860.799 
0.435892 859.884 
0.436116 858.971 
0.436339 858.06 
0.436563 857.149 
0.436787 856.24 
0.437011 855.333 
0.437235 854.427 
0.437459 853.522 
0.437683 852.618 
0.437907 851.715 
0.438131 850.814 
0.438355 849.913 
0.438579 849.014 
0.438803 848.116 
0.439027 847.219 
0.439251 846.323 
0.439475 845.428 
0.439699 844.533 
0.439923 843.64 
0.440147 842.748 
0.440371 841.856 
0.440595 840.965 
0.440819 840.075 
0.441043 839.186 
0.441266 838.297 
0.44149 837.409 
0.441714 836.522 
0.441938 835.636 
0.442162 834.749 
0.442386 833.864 
0.44261 832.979 
0.442834 832.094 
0.443058 831.21 
0.443282 830.327 
0.443506 829.443 
0.44373 828.56 
0.443954 827.678 
0.444178 826.796 
0.444402 825.914 
0.444626 825.032 
0.44485 824.15 
0.445074 823.269 
0.445298 822.387 
0.445522 821.506 
0.445746 820.625 
0.44597 819.744 
0.446194 818.863 
0.446417 817.982 
0.446641 817.101 
0.446865 816.22 
0.447089 815.338 
0.447313 814.457 
0.447537 813.575 
0.447761 812.693 
