0.0154899
7.46269e-05 315.457 
0.000298582 1198.83 
0.000522537 2045.78 
0.000746493 2865.29 
0.000970448 3659.73 
0.0011944 4429.72 
0.00141836 5175.48 
0.00164231 5897.27 
0.00186627 6595.32 
0.00209022 7269.88 
0.00231418 7921.29 
0.00253813 8549.91 
0.00276209 9156.13 
0.00298605 9740.39 
0.00321 10303.1 
0.00343396 10844.8 
0.00365791 11366 
0.00388187 11867.1 
0.00410582 12348.6 
0.00432978 12811 
0.00455373 13254.9 
0.00477769 13680.7 
0.00500164 14088.9 
0.0052256 14480 
0.00544955 14854.4 
0.00567351 15212.7 
0.00589746 15555.3 
0.00612142 15882.6 
0.00634537 16195 
0.00656933 16493.1 
0.00679328 16777.2 
0.00701724 17047.7 
0.0072412 17305 
0.00746515 17549.6 
0.00768911 17781.7 
0.00791306 18001.7 
0.00813702 18210.1 
0.00836097 18407 
0.00858493 18593 
0.00880888 18768.3 
0.00903284 18933.2 
0.00925679 19088 
0.00948075 19233 
0.0097047 19368.6 
0.00992866 19494.9 
0.0101526 19612.4 
0.0103766 19721.2 
0.0106005 19821.6 
0.0108245 19913.8 
0.0110484 19998.2 
0.0112724 20074.9 
0.0114963 20144.2 
0.0117203 20206.2 
0.0119443 20261.4 
0.0121682 20309.7 
0.0123922 20351.5 
0.0126161 20387 
0.0128401 20416.3 
0.013064 20439.7 
0.013288 20457.3 
0.0135119 20469.3 
0.0137359 20475.9 
0.0139599 20477.3 
0.0141838 20473.7 
0.0144078 20465.1 
0.0146317 20451.9 
0.0148557 20434.1 
0.0150796 20411.8 
0.0153036 20385.3 
0.0155275 20354.7 
0.0157515 20320.1 
0.0159755 20281.7 
0.0161994 20239.6 
0.0164234 20193.9 
0.0166473 20144.8 
0.0168713 20092.5 
0.0170952 20036.9 
0.0173192 19978.3 
0.0175431 19916.7 
0.0177671 19852.4 
0.017991 19785.3 
0.018215 19715.6 
0.018439 19643.5 
0.0186629 19569 
0.0188869 19492.2 
0.0191108 19413.2 
0.0193348 19332.2 
0.0195587 19249.1 
0.0197827 19164.2 
0.0200066 19077.6 
0.0202306 18989.2 
0.0204546 18899.1 
0.0206785 18807.6 
0.0209025 18714.6 
0.0211264 18620.3 
0.0213504 18524.6 
0.0215743 18427.8 
0.0217983 18329.8 
0.0220222 18230.8 
0.0222462 18130.8 
0.0224702 18029.9 
0.0226941 17928.1 
0.0229181 17825.5 
0.023142 17722.3 
0.023366 17618.3 
0.0235899 17513.8 
0.0238139 17408.8 
0.0240378 17303.3 
0.0242618 17197.3 
0.0244858 17091 
0.0247097 16984.4 
0.0249337 16877.6 
0.0251576 16770.5 
0.0253816 16663.3 
0.0256055 16556 
0.0258295 16448.6 
0.0260534 16341.2 
0.0262774 16233.8 
0.0265013 16126.5 
0.0267253 16019.2 
0.0269493 15912.2 
0.0271732 15805.3 
0.0273972 15698.6 
0.0276211 15592.3 
0.0278451 15486.1 
0.028069 15380.4 
0.028293 15274.9 
0.0285169 15169.9 
0.0287409 15065.3 
0.0289649 14961.1 
0.0291888 14857.4 
0.0294128 14754.2 
0.0296367 14651.5 
0.0298607 14549.3 
0.0300846 14447.8 
0.0303086 14346.8 
0.0305325 14246.4 
0.0307565 14146.7 
0.0309805 14047.6 
0.0312044 13949.2 
0.0314284 13851.5 
0.0316523 13754.5 
0.0318763 13658.2 
0.0321002 13562.6 
0.0323242 13467.8 
0.0325481 13373.8 
0.0327721 13280.5 
0.0329961 13188 
0.03322 13096.3 
0.033444 13005.4 
0.0336679 12915.3 
0.0338919 12826.1 
0.0341158 12737.6 
0.0343398 12650 
0.0345637 12563.3 
0.0347877 12477.4 
0.0350116 12392.3 
0.0352356 12308.2 
0.0354596 12224.8 
0.0356835 12142.4 
0.0359075 12060.8 
0.0361314 11980.1 
0.0363554 11900.2 
0.0365793 11821.3 
0.0368033 11743.2 
0.0370272 11665.9 
0.0372512 11589.6 
0.0374752 11514.1 
0.0376991 11439.5 
0.0379231 11365.8 
0.038147 11292.9 
0.038371 11221 
0.0385949 11149.8 
0.0388189 11079.5 
0.0390428 11010.1 
0.0392668 10941.6 
0.0394908 10873.9 
0.0397147 10807 
0.0399387 10741 
0.0401626 10675.8 
0.0403866 10611.4 
0.0406105 10547.8 
0.0408345 10485.1 
0.0410584 10423.2 
0.0412824 10362.1 
0.0415064 10301.7 
0.0417303 10242.2 
0.0419543 10183.4 
0.0421782 10125.4 
0.0424022 10068.2 
0.0426261 10011.8 
0.0428501 9956.06 
0.043074 9901.09 
0.043298 9846.85 
0.0435219 9793.34 
0.0437459 9740.54 
0.0439699 9688.45 
0.0441938 9637.05 
0.0444178 9586.34 
0.0446417 9536.31 
0.0448657 9486.96 
0.0450896 9438.26 
0.0453136 9390.21 
0.0455375 9342.8 
0.0457615 9296.02 
0.0459855 9249.86 
0.0462094 9204.32 
0.0464334 9159.37 
0.0466573 9115.01 
0.0468813 9071.24 
0.0471052 9028.03 
0.0473292 8985.39 
0.0475531 8943.29 
0.0477771 8901.74 
0.0480011 8860.71 
0.048225 8820.21 
0.048449 8780.21 
0.0486729 8740.71 
0.0488969 8701.7 
0.0491208 8663.17 
0.0493448 8625.1 
0.0495687 8587.5 
0.0497927 8550.34 
0.0500167 8513.61 
0.0502406 8477.32 
0.0504646 8441.44 
0.0506885 8405.96 
0.0509125 8370.89 
0.0511364 8336.19 
0.0513604 8301.88 
0.0515843 8267.93 
0.0518083 8234.34 
0.0520322 8201.1 
0.0522562 8168.2 
0.0524802 8135.62 
0.0527041 8103.36 
0.0529281 8071.4 
0.053152 8039.75 
0.053376 8008.39 
0.0535999 7977.3 
0.0538239 7946.49 
0.0540478 7915.94 
0.0542718 7885.65 
0.0544958 7855.6 
0.0547197 7825.78 
0.0549437 7796.2 
0.0551676 7766.82 
0.0553916 7737.66 
0.0556155 7708.7 
0.0558395 7679.94 
0.0560634 7651.36 
0.0562874 7622.96 
0.0565114 7594.73 
0.0567353 7566.66 
0.0569593 7538.75 
0.0571832 7510.98 
0.0574072 7483.36 
0.0576311 7455.86 
0.0578551 7428.49 
0.058079 7401.24 
0.058303 7374.1 
0.058527 7347.07 
0.0587509 7320.13 
0.0589749 7293.29 
0.0591988 7266.54 
0.0594228 7239.87 
0.0596467 7213.27 
0.0598707 7186.74 
0.0600946 7160.28 
0.0603186 7133.87 
0.0605425 7107.51 
0.0607665 7081.2 
0.0609905 7054.93 
0.0612144 7028.7 
0.0614384 7002.51 
0.0616623 6976.34 
0.0618863 6950.21 
0.0621102 6924.09 
0.0623342 6897.99 
0.0625581 6871.9 
0.0627821 6845.81 
0.0630061 6819.73 
0.06323 6793.66 
0.063454 6767.58 
0.0636779 6741.49 
0.0639019 6715.41 
0.0641258 6689.31 
0.0643498 6663.2 
0.0645737 6637.08 
0.0647977 6610.94 
0.0650217 6584.78 
0.0652456 6558.6 
0.0654696 6532.39 
0.0656935 6506.16 
0.0659175 6479.91 
0.0661414 6453.62 
0.0663654 6427.31 
0.0665893 6400.96 
0.0668133 6374.59 
0.0670372 6348.19 
0.0672612 6321.75 
0.0674852 6295.29 
0.0677091 6268.79 
0.0679331 6242.26 
0.068157 6215.69 
0.068381 6189.09 
0.0686049 6162.46 
0.0688289 6135.79 
0.0690528 6109.09 
0.0692768 6082.36 
0.0695008 6055.6 
0.0697247 6028.81 
0.0699487 6001.99 
0.0701726 5975.14 
0.0703966 5948.27 
0.0706205 5921.37 
0.0708445 5894.45 
0.0710684 5867.5 
0.0712924 5840.53 
0.0715164 5813.54 
0.0717403 5786.53 
0.0719643 5759.5 
0.0721882 5732.46 
0.0724122 5705.41 
0.0726361 5678.34 
0.0728601 5651.27 
0.073084 5624.19 
0.073308 5597.11 
0.073532 5570.03 
0.0737559 5542.95 
0.0739799 5515.87 
0.0742038 5488.8 
0.0744278 5461.74 
0.0746517 5434.69 
0.0748757 5407.65 
0.0750996 5380.63 
0.0753236 5353.62 
0.0755475 5326.64 
0.0757715 5299.69 
0.0759955 5272.76 
0.0762194 5245.86 
0.0764434 5219 
0.0766673 5192.18 
0.0768913 5165.39 
0.0771152 5138.65 
0.0773392 5111.96 
0.0775631 5085.32 
0.0777871 5058.73 
0.0780111 5032.19 
0.078235 5005.71 
0.078459 4979.3 
0.0786829 4952.95 
0.0789069 4926.66 
0.0791308 4900.45 
0.0793548 4874.32 
0.0795787 4848.26 
0.0798027 4822.28 
0.0800267 4796.38 
0.0802506 4770.58 
0.0804746 4744.86 
0.0806985 4719.23 
0.0809225 4693.7 
0.0811464 4668.28 
0.0813704 4642.95 
0.0815943 4617.72 
0.0818183 4592.61 
0.0820423 4567.61 
0.0822662 4542.71 
0.0824902 4517.94 
0.0827141 4493.28 
0.0829381 4468.75 
0.083162 4444.34 
0.083386 4420.05 
0.0836099 4395.9 
0.0838339 4371.87 
0.0840578 4347.99 
0.0842818 4324.23 
0.0845058 4300.62 
0.0847297 4277.15 
0.0849537 4253.83 
0.0851776 4230.65 
0.0854016 4207.62 
0.0856255 4184.74 
0.0858495 4162.01 
0.0860734 4139.44 
0.0862974 4117.02 
0.0865214 4094.77 
0.0867453 4072.67 
0.0869693 4050.73 
0.0871932 4028.96 
0.0874172 4007.35 
0.0876411 3985.91 
0.0878651 3964.64 
0.088089 3943.53 
0.088313 3922.6 
0.088537 3901.84 
0.0887609 3881.26 
0.0889849 3860.85 
0.0892088 3840.62 
0.0894328 3820.56 
0.0896567 3800.69 
0.0898807 3780.99 
0.0901046 3761.48 
0.0903286 3742.14 
0.0905526 3722.99 
0.0907765 3704.02 
0.0910005 3685.23 
0.0912244 3666.62 
0.0914484 3648.19 
0.0916723 3629.95 
0.0918963 3611.9 
0.0921202 3594.03 
0.0923442 3576.34 
0.0925681 3558.85 
0.0927921 3541.53 
0.0930161 3524.41 
0.09324 3507.47 
0.093464 3490.72 
0.0936879 3474.16 
0.0939119 3457.78 
0.0941358 3441.58 
0.0943598 3425.57 
0.0945837 3409.74 
0.0948077 3394.1 
0.0950317 3378.64 
0.0952556 3363.36 
0.0954796 3348.27 
0.0957035 3333.35 
0.0959275 3318.62 
0.0961514 3304.07 
0.0963754 3289.69 
0.0965993 3275.5 
0.0968233 3261.49 
0.0970473 3247.65 
0.0972712 3233.99 
0.0974952 3220.51 
0.0977191 3207.2 
0.0979431 3194.07 
0.098167 3181.11 
0.098391 3168.32 
0.0986149 3155.69 
0.0988389 3143.24 
0.0990629 3130.95 
0.0992868 3118.83 
0.0995108 3106.87 
0.0997347 3095.07 
0.0999587 3083.43 
0.100183 3071.96 
0.100407 3060.64 
0.100631 3049.48 
0.100854 3038.47 
0.101078 3027.62 
0.101302 3016.92 
0.101526 3006.37 
0.10175 2995.97 
0.101974 2985.72 
0.102198 2975.61 
0.102422 2965.65 
0.102646 2955.82 
0.10287 2946.14 
0.103094 2936.59 
0.103318 2927.18 
0.103542 2917.9 
0.103766 2908.76 
0.10399 2899.74 
0.104214 2890.85 
0.104438 2882.08 
0.104662 2873.44 
0.104886 2864.92 
0.10511 2856.52 
0.105334 2848.24 
0.105558 2840.07 
0.105782 2832.01 
0.106005 2824.07 
0.106229 2816.24 
0.106453 2808.51 
0.106677 2800.89 
0.106901 2793.37 
0.107125 2785.95 
0.107349 2778.63 
0.107573 2771.4 
0.107797 2764.27 
0.108021 2757.23 
0.108245 2750.28 
0.108469 2743.42 
0.108693 2736.64 
0.108917 2729.94 
0.109141 2723.32 
0.109365 2716.78 
0.109589 2710.32 
0.109813 2703.93 
0.110037 2697.61 
0.110261 2691.36 
0.110485 2685.18 
0.110709 2679.06 
0.110932 2673.01 
0.111156 2667.01 
0.11138 2661.07 
0.111604 2655.19 
0.111828 2649.37 
0.112052 2643.59 
0.112276 2637.87 
0.1125 2632.19 
0.112724 2626.56 
0.112948 2620.97 
0.113172 2615.42 
0.113396 2609.91 
0.11362 2604.44 
0.113844 2599.01 
0.114068 2593.6 
0.114292 2588.23 
0.114516 2582.89 
0.11474 2577.57 
0.114964 2572.28 
0.115188 2567.01 
0.115412 2561.77 
0.115636 2556.54 
0.115859 2551.32 
0.116083 2546.12 
0.116307 2540.94 
0.116531 2535.76 
0.116755 2530.6 
0.116979 2525.45 
0.117203 2520.3 
0.117427 2515.16 
0.117651 2510.02 
0.117875 2504.88 
0.118099 2499.75 
0.118323 2494.61 
0.118547 2489.48 
0.118771 2484.33 
0.118995 2479.19 
0.119219 2474.03 
0.119443 2468.87 
0.119667 2463.7 
0.119891 2458.51 
0.120115 2453.31 
0.120339 2448.1 
0.120563 2442.87 
0.120787 2437.62 
0.12101 2432.35 
0.121234 2427.07 
0.121458 2421.76 
0.121682 2416.43 
0.121906 2411.08 
0.12213 2405.71 
0.122354 2400.31 
0.122578 2394.89 
0.122802 2389.45 
0.123026 2383.97 
0.12325 2378.48 
0.123474 2372.95 
0.123698 2367.4 
0.123922 2361.81 
0.124146 2356.2 
0.12437 2350.56 
0.124594 2344.89 
0.124818 2339.18 
0.125042 2333.45 
0.125266 2327.68 
0.12549 2321.88 
0.125714 2316.04 
0.125937 2310.17 
0.126161 2304.26 
0.126385 2298.31 
0.126609 2292.33 
0.126833 2286.32 
0.127057 2280.26 
0.127281 2274.18 
0.127505 2268.05 
0.127729 2261.9 
0.127953 2255.71 
0.128177 2249.48 
0.128401 2243.22 
0.128625 2236.92 
0.128849 2230.59 
0.129073 2224.23 
0.129297 2217.83 
0.129521 2211.4 
0.129745 2204.94 
0.129969 2198.44 
0.130193 2191.92 
0.130417 2185.35 
0.130641 2178.76 
0.130864 2172.13 
0.131088 2165.47 
0.131312 2158.78 
0.131536 2152.06 
0.13176 2145.31 
0.131984 2138.52 
0.132208 2131.71 
0.132432 2124.86 
0.132656 2117.99 
0.13288 2111.09 
0.133104 2104.17 
0.133328 2097.21 
0.133552 2090.24 
0.133776 2083.24 
0.134 2076.22 
0.134224 2069.17 
0.134448 2062.1 
0.134672 2055.02 
0.134896 2047.91 
0.13512 2040.79 
0.135344 2033.65 
0.135568 2026.49 
0.135792 2019.31 
0.136015 2012.12 
0.136239 2004.92 
0.136463 1997.7 
0.136687 1990.47 
0.136911 1983.23 
0.137135 1975.98 
0.137359 1968.71 
0.137583 1961.44 
0.137807 1954.16 
0.138031 1946.88 
0.138255 1939.59 
0.138479 1932.29 
0.138703 1924.99 
0.138927 1917.68 
0.139151 1910.38 
0.139375 1903.08 
0.139599 1895.77 
0.139823 1888.47 
0.140047 1881.17 
0.140271 1873.88 
0.140495 1866.59 
0.140719 1859.3 
0.140942 1852.03 
0.141166 1844.76 
0.14139 1837.5 
0.141614 1830.26 
0.141838 1823.02 
0.142062 1815.8 
0.142286 1808.59 
0.14251 1801.4 
0.142734 1794.22 
0.142958 1787.06 
0.143182 1779.92 
0.143406 1772.8 
0.14363 1765.69 
0.143854 1758.61 
0.144078 1751.55 
0.144302 1744.51 
0.144526 1737.5 
0.14475 1730.51 
0.144974 1723.55 
0.145198 1716.61 
0.145422 1709.7 
0.145646 1702.82 
0.14587 1695.96 
0.146093 1689.14 
0.146317 1682.35 
0.146541 1675.59 
0.146765 1668.86 
0.146989 1662.16 
0.147213 1655.5 
0.147437 1648.87 
0.147661 1642.27 
0.147885 1635.72 
0.148109 1629.2 
0.148333 1622.71 
0.148557 1616.27 
0.148781 1609.87 
0.149005 1603.5 
0.149229 1597.18 
0.149453 1590.9 
0.149677 1584.66 
0.149901 1578.46 
0.150125 1572.31 
0.150349 1566.2 
0.150573 1560.13 
0.150797 1554.12 
0.15102 1548.14 
0.151244 1542.21 
0.151468 1536.33 
0.151692 1530.5 
0.151916 1524.71 
0.15214 1518.97 
0.152364 1513.27 
0.152588 1507.62 
0.152812 1502.02 
0.153036 1496.47 
0.15326 1490.97 
0.153484 1485.51 
0.153708 1480.1 
0.153932 1474.75 
0.154156 1469.44 
0.15438 1464.18 
0.154604 1458.97 
0.154828 1453.81 
0.155052 1448.7 
0.155276 1443.64 
0.1555 1438.63 
0.155724 1433.67 
0.155947 1428.77 
0.156171 1423.91 
0.156395 1419.11 
0.156619 1414.36 
0.156843 1409.66 
0.157067 1405.01 
0.157291 1400.42 
0.157515 1395.88 
0.157739 1391.39 
0.157963 1386.95 
0.158187 1382.56 
0.158411 1378.22 
0.158635 1373.93 
0.158859 1369.7 
0.159083 1365.51 
0.159307 1361.37 
0.159531 1357.29 
0.159755 1353.25 
0.159979 1349.26 
0.160203 1345.31 
0.160427 1341.42 
0.160651 1337.57 
0.160875 1333.78 
0.161098 1330.03 
0.161322 1326.32 
0.161546 1322.67 
0.16177 1319.06 
0.161994 1315.49 
0.162218 1311.97 
0.162442 1308.5 
0.162666 1305.08 
0.16289 1301.7 
0.163114 1298.36 
0.163338 1295.07 
0.163562 1291.82 
0.163786 1288.62 
0.16401 1285.46 
0.164234 1282.35 
0.164458 1279.28 
0.164682 1276.25 
0.164906 1273.26 
0.16513 1270.32 
0.165354 1267.41 
0.165578 1264.54 
0.165802 1261.72 
0.166025 1258.93 
0.166249 1256.18 
0.166473 1253.46 
0.166697 1250.79 
0.166921 1248.15 
0.167145 1245.54 
0.167369 1242.97 
0.167593 1240.43 
0.167817 1237.93 
0.168041 1235.46 
0.168265 1233.02 
0.168489 1230.62 
0.168713 1228.24 
0.168937 1225.9 
0.169161 1223.58 
0.169385 1221.3 
0.169609 1219.04 
0.169833 1216.82 
0.170057 1214.61 
0.170281 1212.44 
0.170505 1210.29 
0.170729 1208.17 
0.170952 1206.08 
0.171176 1204 
0.1714 1201.96 
0.171624 1199.93 
0.171848 1197.93 
0.172072 1195.95 
0.172296 1193.99 
0.17252 1192.05 
0.172744 1190.14 
0.172968 1188.24 
0.173192 1186.36 
0.173416 1184.49 
0.17364 1182.65 
0.173864 1180.82 
0.174088 1179.01 
0.174312 1177.21 
0.174536 1175.43 
0.17476 1173.66 
0.174984 1171.9 
0.175208 1170.16 
0.175432 1168.43 
0.175656 1166.71 
0.17588 1165 
0.176103 1163.3 
0.176327 1161.61 
0.176551 1159.93 
0.176775 1158.26 
0.176999 1156.59 
0.177223 1154.93 
0.177447 1153.28 
0.177671 1151.63 
0.177895 1149.99 
0.178119 1148.35 
0.178343 1146.71 
0.178567 1145.08 
0.178791 1143.44 
0.179015 1141.81 
0.179239 1140.18 
0.179463 1138.56 
0.179687 1136.93 
0.179911 1135.3 
0.180135 1133.67 
0.180359 1132.04 
0.180583 1130.4 
0.180807 1128.77 
0.18103 1127.13 
0.181254 1125.49 
0.181478 1123.85 
0.181702 1122.2 
0.181926 1120.55 
0.18215 1118.89 
0.182374 1117.23 
0.182598 1115.56 
0.182822 1113.89 
0.183046 1112.21 
0.18327 1110.53 
0.183494 1108.83 
0.183718 1107.13 
0.183942 1105.43 
0.184166 1103.71 
0.18439 1101.98 
0.184614 1100.25 
0.184838 1098.51 
0.185062 1096.75 
0.185286 1094.99 
0.18551 1093.21 
0.185734 1091.43 
0.185957 1089.63 
0.186181 1087.82 
0.186405 1086 
0.186629 1084.16 
0.186853 1082.32 
0.187077 1080.45 
0.187301 1078.58 
0.187525 1076.69 
0.187749 1074.79 
0.187973 1072.87 
0.188197 1070.94 
0.188421 1069 
0.188645 1067.04 
0.188869 1065.07 
0.189093 1063.09 
0.189317 1061.09 
0.189541 1059.08 
0.189765 1057.06 
0.189989 1055.02 
0.190213 1052.97 
0.190437 1050.9 
0.190661 1048.83 
0.190885 1046.73 
0.191108 1044.63 
0.191332 1042.51 
0.191556 1040.38 
0.19178 1038.23 
0.192004 1036.07 
0.192228 1033.9 
0.192452 1031.72 
0.192676 1029.52 
0.1929 1027.3 
0.193124 1025.08 
0.193348 1022.84 
0.193572 1020.59 
0.193796 1018.32 
0.19402 1016.04 
0.194244 1013.75 
0.194468 1011.44 
0.194692 1009.12 
0.194916 1006.79 
0.19514 1004.44 
0.195364 1002.08 
0.195588 999.712 
0.195812 997.327 
0.196035 994.93 
0.196259 992.521 
0.196483 990.101 
0.196707 987.669 
0.196931 985.226 
0.197155 982.773 
0.197379 980.31 
0.197603 977.836 
0.197827 975.353 
0.198051 972.861 
0.198275 970.36 
0.198499 967.85 
0.198723 965.333 
0.198947 962.807 
0.199171 960.273 
0.199395 957.733 
0.199619 955.185 
0.199843 952.631 
0.200067 950.07 
0.200291 947.504 
0.200515 944.932 
0.200739 942.354 
0.200962 939.772 
0.201186 937.184 
0.20141 934.593 
0.201634 931.997 
0.201858 929.398 
0.202082 926.796 
0.202306 924.19 
0.20253 921.581 
0.202754 918.97 
0.202978 916.357 
0.203202 913.742 
0.203426 911.126 
0.20365 908.508 
0.203874 905.89 
0.204098 903.271 
0.204322 900.652 
0.204546 898.032 
0.20477 895.414 
0.204994 892.796 
0.205218 890.179 
0.205442 887.564 
0.205666 884.951 
0.20589 882.341 
0.206113 879.733 
0.206337 877.127 
0.206561 874.526 
0.206785 871.928 
0.207009 869.334 
0.207233 866.744 
0.207457 864.159 
0.207681 861.579 
0.207905 859.005 
0.208129 856.436 
0.208353 853.873 
0.208577 851.317 
0.208801 848.768 
0.209025 846.225 
0.209249 843.69 
0.209473 841.163 
0.209697 838.644 
0.209921 836.133 
0.210145 833.631 
0.210369 831.138 
0.210593 828.655 
0.210817 826.181 
0.21104 823.718 
0.211264 821.264 
0.211488 818.821 
0.211712 816.39 
0.211936 813.969 
0.21216 811.561 
0.212384 809.164 
0.212608 806.779 
0.212832 804.407 
0.213056 802.048 
0.21328 799.702 
0.213504 797.369 
0.213728 795.05 
0.213952 792.743 
0.214176 790.451 
0.2144 788.172 
0.214624 785.907 
0.214848 783.656 
0.215072 781.419 
0.215296 779.196 
0.21552 776.987 
0.215744 774.792 
0.215967 772.612 
0.216191 770.447 
0.216415 768.296 
0.216639 766.16 
0.216863 764.039 
0.217087 761.933 
0.217311 759.842 
0.217535 757.766 
0.217759 755.706 
0.217983 753.661 
0.218207 751.631 
0.218431 749.618 
0.218655 747.62 
0.218879 745.638 
0.219103 743.671 
0.219327 741.721 
0.219551 739.787 
0.219775 737.87 
0.219999 735.969 
0.220223 734.084 
0.220447 732.216 
0.220671 730.364 
0.220895 728.53 
0.221118 726.712 
0.221342 724.912 
0.221566 723.128 
0.22179 721.362 
0.222014 719.613 
0.222238 717.881 
0.222462 716.167 
0.222686 714.471 
0.22291 712.792 
0.223134 711.131 
0.223358 709.487 
0.223582 707.86 
0.223806 706.249 
0.22403 704.656 
0.224254 703.079 
0.224478 701.519 
0.224702 699.975 
0.224926 698.447 
0.22515 696.935 
0.225374 695.44 
0.225598 693.96 
0.225822 692.495 
0.226045 691.046 
0.226269 689.613 
0.226493 688.195 
0.226717 686.792 
0.226941 685.403 
0.227165 684.03 
0.227389 682.671 
0.227613 681.327 
0.227837 679.997 
0.228061 678.682 
0.228285 677.381 
0.228509 676.093 
0.228733 674.82 
0.228957 673.56 
0.229181 672.314 
0.229405 671.082 
0.229629 669.862 
0.229853 668.656 
0.230077 667.463 
0.230301 666.283 
0.230525 665.116 
0.230749 663.962 
0.230973 662.82 
0.231196 661.69 
0.23142 660.573 
0.231644 659.468 
0.231868 658.375 
0.232092 657.294 
0.232316 656.225 
0.23254 655.167 
0.232764 654.121 
0.232988 653.086 
0.233212 652.063 
0.233436 651.05 
0.23366 650.047 
0.233884 649.055 
0.234108 648.073 
0.234332 647.101 
0.234556 646.138 
0.23478 645.185 
0.235004 644.24 
0.235228 643.305 
0.235452 642.379 
0.235676 641.46 
0.2359 640.55 
0.236123 639.648 
0.236347 638.754 
0.236571 637.867 
0.236795 636.988 
0.237019 636.115 
0.237243 635.25 
0.237467 634.391 
0.237691 633.538 
0.237915 632.692 
0.238139 631.851 
0.238363 631.016 
0.238587 630.186 
0.238811 629.362 
0.239035 628.543 
0.239259 627.728 
0.239483 626.918 
0.239707 626.112 
0.239931 625.31 
0.240155 624.512 
0.240379 623.718 
0.240603 622.927 
0.240827 622.139 
0.24105 621.355 
0.241274 620.572 
0.241498 619.793 
0.241722 619.015 
0.241946 618.24 
0.24217 617.466 
0.242394 616.694 
0.242618 615.924 
0.242842 615.154 
0.243066 614.385 
0.24329 613.617 
0.243514 612.85 
0.243738 612.083 
0.243962 611.317 
0.244186 610.551 
0.24441 609.785 
0.244634 609.019 
0.244858 608.253 
0.245082 607.486 
0.245306 606.72 
0.24553 605.952 
0.245754 605.184 
0.245978 604.415 
0.246201 603.645 
0.246425 602.874 
0.246649 602.102 
0.246873 601.329 
0.247097 600.554 
0.247321 599.777 
0.247545 598.999 
0.247769 598.219 
0.247993 597.437 
0.248217 596.652 
0.248441 595.866 
0.248665 595.077 
0.248889 594.285 
0.249113 593.491 
0.249337 592.694 
0.249561 591.895 
0.249785 591.092 
0.250009 590.286 
0.250233 589.477 
0.250457 588.664 
0.250681 587.848 
0.250905 587.028 
0.251128 586.204 
0.251352 585.376 
0.251576 584.545 
0.2518 583.709 
0.252024 582.869 
0.252248 582.024 
0.252472 581.175 
0.252696 580.321 
0.25292 579.462 
0.253144 578.598 
0.253368 577.729 
0.253592 576.855 
0.253816 575.976 
0.25404 575.091 
0.254264 574.201 
0.254488 573.306 
0.254712 572.405 
0.254936 571.5 
0.25516 570.589 
0.255384 569.674 
0.255608 568.753 
0.255832 567.828 
0.256055 566.898 
0.256279 565.963 
0.256503 565.023 
0.256727 564.078 
0.256951 563.129 
0.257175 562.175 
0.257399 561.217 
0.257623 560.255 
0.257847 559.287 
0.258071 558.316 
0.258295 557.34 
0.258519 556.36 
0.258743 555.376 
0.258967 554.388 
0.259191 553.395 
0.259415 552.399 
0.259639 551.398 
0.259863 550.394 
0.260087 549.385 
0.260311 548.373 
0.260535 547.357 
0.260759 546.337 
0.260983 545.314 
0.261206 544.287 
0.26143 543.257 
0.261654 542.223 
0.261878 541.185 
0.262102 540.144 
0.262326 539.1 
0.26255 538.053 
0.262774 537.002 
0.262998 535.948 
0.263222 534.891 
0.263446 533.831 
0.26367 532.768 
0.263894 531.702 
0.264118 530.633 
0.264342 529.561 
0.264566 528.486 
0.26479 527.409 
0.265014 526.329 
0.265238 525.246 
0.265462 524.16 
0.265686 523.073 
0.26591 521.983 
0.266133 520.891 
0.266357 519.797 
0.266581 518.701 
0.266805 517.603 
0.267029 516.504 
0.267253 515.404 
0.267477 514.302 
0.267701 513.199 
0.267925 512.095 
0.268149 510.99 
0.268373 509.884 
0.268597 508.777 
0.268821 507.67 
0.269045 506.563 
0.269269 505.455 
0.269493 504.347 
0.269717 503.239 
0.269941 502.132 
0.270165 501.024 
0.270389 499.917 
0.270613 498.81 
0.270837 497.704 
0.27106 496.599 
0.271284 495.495 
0.271508 494.391 
0.271732 493.289 
0.271956 492.188 
0.27218 491.088 
0.272404 489.99 
0.272628 488.893 
0.272852 487.799 
0.273076 486.706 
0.2733 485.615 
0.273524 484.526 
0.273748 483.439 
0.273972 482.355 
0.274196 481.273 
0.27442 480.194 
0.274644 479.117 
0.274868 478.044 
0.275092 476.973 
0.275316 475.906 
0.27554 474.841 
0.275764 473.78 
0.275988 472.722 
0.276211 471.668 
0.276435 470.618 
0.276659 469.571 
0.276883 468.528 
0.277107 467.489 
0.277331 466.455 
0.277555 465.424 
0.277779 464.398 
0.278003 463.375 
0.278227 462.357 
0.278451 461.343 
0.278675 460.334 
0.278899 459.328 
0.279123 458.328 
0.279347 457.331 
0.279571 456.34 
0.279795 455.352 
0.280019 454.37 
0.280243 453.392 
0.280467 452.418 
0.280691 451.449 
0.280915 450.486 
0.281138 449.526 
0.281362 448.572 
0.281586 447.623 
0.28181 446.678 
0.282034 445.739 
0.282258 444.805 
0.282482 443.875 
0.282706 442.951 
0.28293 442.032 
0.283154 441.118 
0.283378 440.209 
0.283602 439.306 
0.283826 438.408 
0.28405 437.515 
0.284274 436.628 
0.284498 435.746 
0.284722 434.87 
0.284946 433.999 
0.28517 433.134 
0.285394 432.275 
0.285618 431.421 
0.285842 430.572 
0.286065 429.73 
0.286289 428.893 
0.286513 428.063 
0.286737 427.238 
0.286961 426.419 
0.287185 425.605 
0.287409 424.798 
0.287633 423.997 
0.287857 423.202 
0.288081 422.413 
0.288305 421.631 
0.288529 420.854 
0.288753 420.084 
0.288977 419.32 
0.289201 418.562 
0.289425 417.811 
0.289649 417.066 
0.289873 416.327 
0.290097 415.595 
0.290321 414.868 
0.290545 414.148 
0.290769 413.433 
0.290993 412.725 
0.291216 412.022 
0.29144 411.325 
0.291664 410.634 
0.291888 409.948 
0.292112 409.268 
0.292336 408.594 
0.29256 407.925 
0.292784 407.262 
0.293008 406.603 
0.293232 405.95 
0.293456 405.303 
0.29368 404.66 
0.293904 404.023 
0.294128 403.39 
0.294352 402.763 
0.294576 402.14 
0.2948 401.523 
0.295024 400.91 
0.295248 400.302 
0.295472 399.698 
0.295696 399.099 
0.29592 398.505 
0.296143 397.915 
0.296367 397.33 
0.296591 396.749 
0.296815 396.172 
0.297039 395.6 
0.297263 395.031 
0.297487 394.467 
0.297711 393.907 
0.297935 393.351 
0.298159 392.799 
0.298383 392.251 
0.298607 391.706 
0.298831 391.165 
0.299055 390.629 
0.299279 390.095 
0.299503 389.566 
0.299727 389.039 
0.299951 388.517 
0.300175 387.997 
0.300399 387.482 
0.300623 386.969 
0.300847 386.46 
0.30107 385.954 
0.301294 385.451 
0.301518 384.951 
0.301742 384.454 
0.301966 383.96 
0.30219 383.469 
0.302414 382.98 
0.302638 382.495 
0.302862 382.012 
0.303086 381.532 
0.30331 381.054 
0.303534 380.579 
0.303758 380.106 
0.303982 379.636 
0.304206 379.168 
0.30443 378.702 
0.304654 378.238 
0.304878 377.777 
0.305102 377.317 
0.305326 376.859 
0.30555 376.403 
0.305774 375.949 
0.305998 375.496 
0.306221 375.045 
0.306445 374.596 
0.306669 374.148 
0.306893 373.702 
0.307117 373.257 
0.307341 372.813 
0.307565 372.371 
0.307789 371.929 
0.308013 371.489 
0.308237 371.05 
0.308461 370.611 
0.308685 370.174 
0.308909 369.737 
0.309133 369.301 
0.309357 368.866 
0.309581 368.431 
0.309805 367.997 
0.310029 367.564 
0.310253 367.13 
0.310477 366.697 
0.310701 366.265 
0.310925 365.832 
0.311148 365.4 
0.311372 364.967 
0.311596 364.535 
0.31182 364.102 
0.312044 363.67 
0.312268 363.237 
0.312492 362.803 
0.312716 362.37 
0.31294 361.936 
0.313164 361.501 
0.313388 361.066 
0.313612 360.631 
0.313836 360.194 
0.31406 359.757 
0.314284 359.319 
0.314508 358.88 
0.314732 358.44 
0.314956 357.999 
0.31518 357.557 
0.315404 357.114 
0.315628 356.669 
0.315852 356.224 
0.316076 355.776 
0.316299 355.328 
0.316523 354.878 
0.316747 354.427 
0.316971 353.975 
0.317195 353.522 
0.317419 353.067 
0.317643 352.611 
0.317867 352.153 
0.318091 351.695 
0.318315 351.235 
0.318539 350.773 
0.318763 350.311 
0.318987 349.847 
0.319211 349.382 
0.319435 348.916 
0.319659 348.449 
0.319883 347.98 
0.320107 347.51 
0.320331 347.039 
0.320555 346.566 
0.320779 346.093 
0.321003 345.618 
0.321226 345.142 
0.32145 344.664 
0.321674 344.186 
0.321898 343.706 
0.322122 343.225 
0.322346 342.743 
0.32257 342.26 
0.322794 341.775 
0.323018 341.29 
0.323242 340.803 
0.323466 340.315 
0.32369 339.826 
0.323914 339.335 
0.324138 338.844 
0.324362 338.351 
0.324586 337.857 
0.32481 337.362 
0.325034 336.866 
0.325258 336.369 
0.325482 335.87 
0.325706 335.37 
0.32593 334.87 
0.326153 334.368 
0.326377 333.865 
0.326601 333.361 
0.326825 332.855 
0.327049 332.349 
0.327273 331.842 
0.327497 331.333 
0.327721 330.823 
0.327945 330.313 
0.328169 329.801 
0.328393 329.288 
0.328617 328.774 
0.328841 328.259 
0.329065 327.743 
0.329289 327.225 
0.329513 326.707 
0.329737 326.188 
0.329961 325.667 
0.330185 325.146 
0.330409 324.623 
0.330633 324.1 
0.330857 323.576 
0.331081 323.051 
0.331304 322.525 
0.331528 321.998 
0.331752 321.471 
0.331976 320.943 
0.3322 320.415 
0.332424 319.886 
0.332648 319.356 
0.332872 318.826 
0.333096 318.296 
0.33332 317.765 
0.333544 317.234 
0.333768 316.702 
0.333992 316.17 
0.334216 315.639 
0.33444 315.106 
0.334664 314.574 
0.334888 314.042 
0.335112 313.51 
0.335336 312.978 
0.33556 312.445 
0.335784 311.913 
0.336008 311.381 
0.336231 310.85 
0.336455 310.318 
0.336679 309.787 
0.336903 309.256 
0.337127 308.726 
0.337351 308.196 
0.337575 307.666 
0.337799 307.137 
0.338023 306.608 
0.338247 306.08 
0.338471 305.553 
0.338695 305.026 
0.338919 304.5 
0.339143 303.975 
0.339367 303.45 
0.339591 302.927 
0.339815 302.404 
0.340039 301.882 
0.340263 301.361 
0.340487 300.841 
0.340711 300.322 
0.340935 299.805 
0.341158 299.288 
0.341382 298.773 
0.341606 298.258 
0.34183 297.745 
0.342054 297.234 
0.342278 296.723 
0.342502 296.214 
0.342726 295.707 
0.34295 295.201 
0.343174 294.696 
0.343398 294.193 
0.343622 293.691 
0.343846 293.192 
0.34407 292.693 
0.344294 292.197 
0.344518 291.702 
0.344742 291.209 
0.344966 290.718 
0.34519 290.228 
0.345414 289.741 
0.345638 289.255 
0.345862 288.771 
0.346086 288.288 
0.346309 287.808 
0.346533 287.329 
0.346757 286.853 
0.346981 286.378 
0.347205 285.904 
0.347429 285.433 
0.347653 284.964 
0.347877 284.496 
0.348101 284.031 
0.348325 283.567 
0.348549 283.105 
0.348773 282.645 
0.348997 282.187 
0.349221 281.73 
0.349445 281.276 
0.349669 280.824 
0.349893 280.373 
0.350117 279.924 
0.350341 279.478 
0.350565 279.033 
0.350789 278.59 
0.351013 278.149 
0.351236 277.711 
0.35146 277.274 
0.351684 276.839 
0.351908 276.406 
0.352132 275.975 
0.352356 275.546 
0.35258 275.119 
0.352804 274.694 
0.353028 274.271 
0.353252 273.85 
0.353476 273.431 
0.3537 273.014 
0.353924 272.599 
0.354148 272.186 
0.354372 271.775 
0.354596 271.367 
0.35482 270.96 
0.355044 270.555 
0.355268 270.153 
0.355492 269.752 
0.355716 269.354 
0.35594 268.957 
0.356163 268.563 
0.356387 268.171 
0.356611 267.781 
0.356835 267.393 
0.357059 267.007 
0.357283 266.623 
0.357507 266.242 
0.357731 265.862 
0.357955 265.485 
0.358179 265.11 
0.358403 264.737 
0.358627 264.366 
0.358851 263.998 
0.359075 263.631 
0.359299 263.267 
0.359523 262.905 
0.359747 262.545 
0.359971 262.187 
0.360195 261.832 
0.360419 261.478 
0.360643 261.127 
0.360867 260.778 
0.361091 260.431 
0.361314 260.086 
0.361538 259.743 
0.361762 259.401 
0.361986 259.062 
0.36221 258.725 
0.362434 258.39 
0.362658 258.057 
0.362882 257.725 
0.363106 257.395 
0.36333 257.067 
0.363554 256.741 
0.363778 256.417 
0.364002 256.094 
0.364226 255.773 
0.36445 255.453 
0.364674 255.135 
0.364898 254.819 
0.365122 254.504 
0.365346 254.191 
0.36557 253.88 
0.365794 253.569 
0.366018 253.261 
0.366241 252.953 
0.366465 252.647 
0.366689 252.343 
0.366913 252.04 
0.367137 251.738 
0.367361 251.437 
0.367585 251.138 
0.367809 250.84 
0.368033 250.543 
0.368257 250.247 
0.368481 249.952 
0.368705 249.659 
0.368929 249.366 
0.369153 249.075 
0.369377 248.785 
0.369601 248.495 
0.369825 248.207 
0.370049 247.92 
0.370273 247.633 
0.370497 247.348 
0.370721 247.063 
0.370945 246.779 
0.371168 246.496 
0.371392 246.214 
0.371616 245.933 
0.37184 245.652 
0.372064 245.372 
0.372288 245.093 
0.372512 244.814 
0.372736 244.536 
0.37296 244.259 
0.373184 243.982 
0.373408 243.706 
0.373632 243.43 
0.373856 243.155 
0.37408 242.88 
0.374304 242.606 
0.374528 242.332 
0.374752 242.059 
0.374976 241.786 
0.3752 241.513 
0.375424 241.241 
0.375648 240.968 
0.375872 240.697 
0.376096 240.425 
0.376319 240.153 
0.376543 239.882 
0.376767 239.611 
0.376991 239.34 
0.377215 239.07 
0.377439 238.799 
0.377663 238.529 
0.377887 238.259 
0.378111 237.989 
0.378335 237.719 
0.378559 237.449 
0.378783 237.18 
0.379007 236.91 
0.379231 236.641 
0.379455 236.372 
0.379679 236.103 
0.379903 235.833 
0.380127 235.564 
0.380351 235.295 
0.380575 235.026 
0.380799 234.757 
0.381023 234.489 
0.381246 234.22 
0.38147 233.951 
0.381694 233.682 
0.381918 233.413 
0.382142 233.144 
0.382366 232.875 
0.38259 232.606 
0.382814 232.337 
0.383038 232.068 
0.383262 231.799 
0.383486 231.53 
0.38371 231.261 
0.383934 230.991 
0.384158 230.722 
0.384382 230.452 
0.384606 230.183 
0.38483 229.913 
0.385054 229.643 
0.385278 229.373 
0.385502 229.103 
0.385726 228.832 
0.38595 228.562 
0.386173 228.291 
0.386397 228.02 
0.386621 227.749 
0.386845 227.478 
0.387069 227.206 
0.387293 226.934 
0.387517 226.662 
0.387741 226.39 
0.387965 226.118 
0.388189 225.845 
0.388413 225.572 
0.388637 225.298 
0.388861 225.025 
0.389085 224.751 
0.389309 224.477 
0.389533 224.202 
0.389757 223.928 
0.389981 223.652 
0.390205 223.377 
0.390429 223.101 
0.390653 222.825 
0.390877 222.548 
0.391101 222.272 
0.391324 221.994 
0.391548 221.717 
0.391772 221.439 
0.391996 221.16 
0.39222 220.881 
0.392444 220.602 
0.392668 220.322 
0.392892 220.042 
0.393116 219.761 
0.39334 219.48 
0.393564 219.199 
0.393788 218.917 
0.394012 218.635 
0.394236 218.352 
0.39446 218.069 
0.394684 217.786 
0.394908 217.503 
0.395132 217.219 
0.395356 216.935 
0.39558 216.651 
0.395804 216.366 
0.396028 216.081 
0.396251 215.796 
0.396475 215.511 
0.396699 215.225 
0.396923 214.94 
0.397147 214.654 
0.397371 214.368 
0.397595 214.082 
0.397819 213.796 
0.398043 213.509 
0.398267 213.223 
0.398491 212.937 
0.398715 212.65 
0.398939 212.363 
0.399163 212.077 
0.399387 211.79 
0.399611 211.504 
0.399835 211.217 
0.400059 210.931 
0.400283 210.644 
0.400507 210.358 
0.400731 210.071 
0.400955 209.785 
0.401178 209.499 
0.401402 209.213 
0.401626 208.927 
0.40185 208.641 
0.402074 208.355 
0.402298 208.07 
0.402522 207.784 
0.402746 207.499 
0.40297 207.214 
0.403194 206.93 
0.403418 206.645 
0.403642 206.361 
0.403866 206.077 
0.40409 205.793 
0.404314 205.51 
0.404538 205.227 
0.404762 204.944 
0.404986 204.662 
0.40521 204.38 
0.405434 204.099 
0.405658 203.817 
0.405882 203.536 
0.406106 203.256 
0.406329 202.976 
0.406553 202.696 
0.406777 202.417 
0.407001 202.139 
0.407225 201.86 
0.407449 201.583 
0.407673 201.306 
0.407897 201.029 
0.408121 200.753 
0.408345 200.477 
0.408569 200.202 
0.408793 199.928 
0.409017 199.654 
0.409241 199.381 
0.409465 199.108 
0.409689 198.836 
0.409913 198.564 
0.410137 198.294 
0.410361 198.024 
0.410585 197.754 
0.410809 197.486 
0.411033 197.218 
0.411256 196.95 
0.41148 196.684 
0.411704 196.418 
0.411928 196.152 
0.412152 195.888 
0.412376 195.624 
0.4126 195.361 
0.412824 195.098 
0.413048 194.836 
0.413272 194.575 
0.413496 194.315 
0.41372 194.055 
0.413944 193.796 
0.414168 193.538 
0.414392 193.28 
0.414616 193.023 
0.41484 192.767 
0.415064 192.512 
0.415288 192.257 
0.415512 192.003 
0.415736 191.75 
0.41596 191.498 
0.416184 191.246 
0.416407 190.995 
0.416631 190.745 
0.416855 190.495 
0.417079 190.246 
0.417303 189.998 
0.417527 189.751 
0.417751 189.505 
0.417975 189.259 
0.418199 189.014 
0.418423 188.769 
0.418647 188.526 
0.418871 188.283 
0.419095 188.041 
0.419319 187.8 
0.419543 187.559 
0.419767 187.32 
0.419991 187.081 
0.420215 186.843 
0.420439 186.605 
0.420663 186.369 
0.420887 186.133 
0.421111 185.898 
0.421334 185.664 
0.421558 185.43 
0.421782 185.198 
0.422006 184.966 
0.42223 184.735 
0.422454 184.504 
0.422678 184.275 
0.422902 184.046 
0.423126 183.818 
0.42335 183.591 
0.423574 183.365 
0.423798 183.139 
0.424022 182.915 
0.424246 182.691 
0.42447 182.468 
0.424694 182.246 
0.424918 182.024 
0.425142 181.804 
0.425366 181.584 
0.42559 181.365 
0.425814 181.147 
0.426038 180.93 
0.426261 180.713 
0.426485 180.498 
0.426709 180.283 
0.426933 180.069 
0.427157 179.856 
0.427381 179.644 
0.427605 179.432 
0.427829 179.222 
0.428053 179.012 
0.428277 178.803 
0.428501 178.595 
0.428725 178.388 
0.428949 178.182 
0.429173 177.976 
0.429397 177.772 
0.429621 177.568 
0.429845 177.365 
0.430069 177.163 
0.430293 176.961 
0.430517 176.761 
0.430741 176.561 
0.430965 176.362 
0.431189 176.163 
0.431412 175.966 
0.431636 175.769 
0.43186 175.572 
0.432084 175.377 
0.432308 175.182 
0.432532 174.988 
0.432756 174.794 
0.43298 174.601 
0.433204 174.409 
0.433428 174.218 
0.433652 174.027 
0.433876 173.836 
0.4341 173.646 
0.434324 173.457 
0.434548 173.269 
0.434772 173.081 
0.434996 172.893 
0.43522 172.706 
0.435444 172.52 
0.435668 172.334 
0.435892 172.149 
0.436116 171.964 
0.436339 171.779 
0.436563 171.595 
0.436787 171.412 
0.437011 171.229 
0.437235 171.046 
0.437459 170.864 
0.437683 170.683 
0.437907 170.501 
0.438131 170.321 
0.438355 170.14 
0.438579 169.96 
0.438803 169.78 
0.439027 169.601 
0.439251 169.422 
0.439475 169.244 
0.439699 169.065 
0.439923 168.887 
0.440147 168.71 
0.440371 168.532 
0.440595 168.355 
0.440819 168.178 
0.441043 168.002 
0.441266 167.826 
0.44149 167.65 
0.441714 167.474 
0.441938 167.298 
0.442162 167.123 
0.442386 166.948 
0.44261 166.773 
0.442834 166.598 
0.443058 166.423 
0.443282 166.249 
0.443506 166.075 
0.44373 165.901 
0.443954 165.727 
0.444178 165.553 
0.444402 165.379 
0.444626 165.205 
0.44485 165.032 
0.445074 164.858 
0.445298 164.685 
0.445522 164.512 
0.445746 164.338 
0.44597 164.165 
0.446194 163.992 
0.446417 163.819 
0.446641 163.646 
0.446865 163.473 
0.447089 163.299 
0.447313 163.126 
0.447537 162.953 
0.447761 162.78 
