#          chi2            h           OmegaM           OmegaK               Acceptrate
   1.79769e+308        0.813072         1.05444       -0.603441 
        1954.84        0.815173        0.870113       -0.608285 
        1790.16        0.806567        0.866066       -0.589144 
        1488.26         0.79476        0.839232       -0.584981 
        1326.65        0.793506        0.760454       -0.533895 
        1321.52        0.794042        0.748542       -0.521695 
        1316.08         0.79296        0.756612       -0.526465 
        1316.49        0.781979        0.841142       -0.532059 
        1147.06        0.777523         0.82753       -0.579891 
        1014.16        0.776907        0.794773       -0.620003 
        897.301        0.768765        0.809446       -0.635509 
        691.494        0.763109        0.731646       -0.592649 
        693.466        0.769757        0.693011       -0.606508 
        591.392        0.763789        0.676241       -0.591819 
        565.941        0.770689        0.633065       -0.626089 
        423.675        0.757661        0.632727       -0.604634 
        183.837        0.744286        0.577469       -0.650522 
        145.591        0.734603        0.640523       -0.725419 
        108.658        0.731381        0.612213       -0.706678 
        104.971        0.723543        0.640611       -0.671419 
        89.0213        0.722027        0.662594       -0.745485 
        64.3725        0.719573        0.644282       -0.760494 
        39.1845        0.713785        0.565161       -0.730778 
        38.5635        0.712639        0.508169       -0.630421 
        37.8487          0.7102        0.566452        -0.67428 
        38.3643        0.711998        0.571417       -0.678546 
        38.6421        0.707359        0.557867       -0.655971 
        36.3676        0.709932        0.535244       -0.614896 
        41.0013        0.701362        0.585068       -0.592993 
        40.3353        0.700767        0.513833       -0.520432 
        40.6392        0.704641        0.542144       -0.478212 
        41.4418        0.702212        0.544743       -0.456944 
        41.5856        0.706768        0.460112       -0.511391 
         37.864        0.704339         0.46712       -0.471599 
        32.4241         0.70789        0.445839       -0.398871 
        31.8641        0.708436        0.417901       -0.319506 
        31.9175        0.710842        0.394469       -0.301258 
        32.3697        0.710029        0.404991       -0.354871 
        31.7263        0.709105        0.416159       -0.340831 
         32.961        0.710385        0.453717        -0.43254 
         32.211        0.706372        0.433588       -0.366813 
        32.3053        0.709387        0.406066       -0.352224 
        32.2002        0.707386        0.441508       -0.379482 
        31.7953        0.705247        0.420141       -0.325126 
        33.3309        0.713994        0.386345       -0.314631 
        34.1071        0.708911        0.365151       -0.294817 
        37.1935        0.711726        0.353636       -0.315827 
        34.5987        0.705435        0.476384       -0.386396 
        34.0592        0.709671        0.436666       -0.435187 
        34.3085        0.707448        0.497115       -0.480811 
        36.7929        0.709294        0.508327       -0.583869 
        35.2574        0.710289        0.477728       -0.524655 
        35.8094         0.71106        0.510136       -0.585893 
        35.9071        0.716185        0.475823       -0.529115 
        36.7888        0.713575        0.475558       -0.561751 
        37.6133        0.709314        0.476639       -0.539437 
         36.236        0.709784         0.48882       -0.550833 
        37.0024        0.715823        0.501237       -0.613478 
        38.1053        0.718661        0.492351       -0.578478 
        38.9167        0.719635        0.488678       -0.574916 
        36.8665        0.715855        0.482332       -0.582489 
        34.8516        0.713415        0.478622        -0.53185 
         36.297        0.716785        0.469404       -0.547297 
        40.7412        0.721499        0.430622       -0.535687 
        38.2722        0.718872        0.484009       -0.605243 
        38.4908        0.713265        0.563195       -0.664626 
        40.0229        0.706623        0.574355       -0.592085 
        36.6776        0.706377        0.543613       -0.567087 
        38.5206        0.715247         0.52207       -0.578157 
        37.9624         0.71479        0.500199       -0.522328 
        38.6349        0.714666        0.528828       -0.584855 
        39.2756        0.716579        0.549609         -0.6661 
        38.1281        0.716253        0.524452       -0.667852 
        38.0886         0.71142        0.568839       -0.691298 
        37.2928        0.712711        0.522973       -0.558698 
        37.0223        0.708013        0.547921       -0.580187 
        36.8194        0.710029        0.539933       -0.580356 
        39.6107        0.708273        0.491308       -0.571115 
        39.6594        0.708466        0.494178       -0.578493 
        36.9008        0.714088        0.513779       -0.562602 
        37.0911        0.707147        0.549608       -0.577584 
        36.1911        0.708677        0.515633       -0.502672 
        37.8622        0.705223        0.437246       -0.428369 
        39.4116        0.711854        0.450513       -0.349717 
        34.2395        0.714059        0.415615       -0.360099 
        34.6373        0.716205        0.387212       -0.346097 
        37.0946        0.717491        0.325807       -0.269504 
        32.5346         0.70456        0.424747       -0.275448 
         34.034        0.701584        0.393924       -0.272145 
        33.4761        0.706269        0.359334       -0.255098 
        31.0008        0.706542        0.392075        -0.24821 
        32.0558        0.699819        0.394965       -0.207401 
        33.6215        0.703692        0.369256       -0.249082 
        31.5417        0.701641        0.395646       -0.200694 
         35.832        0.694541        0.400157       -0.177647 
        35.2487        0.696934        0.374161       -0.179512 
        34.3442        0.706979        0.400445       -0.217256 
        30.5525        0.705311        0.380154       -0.222623 
        31.0216        0.701536        0.341067       -0.136788 
        30.8842        0.705118        0.362127       -0.154148 
        32.3911        0.708351        0.352965       -0.150572 
        30.5561        0.707424        0.328086       -0.115047 
        30.6821        0.706823        0.331944       -0.168045 
        31.6959        0.709938        0.346991       -0.174743 
        32.0518         0.70239        0.347262       -0.174969 
        32.7715        0.699523        0.361433       -0.169778 
        31.2746         0.70177        0.350468       -0.161062 
        33.9471        0.707384        0.378308       -0.175889 
         29.964        0.704347        0.347165       -0.146362 
        30.1857        0.704746        0.360125       -0.180703 
        30.2274        0.705405         0.36093       -0.179625 
        30.5259        0.705486        0.368913       -0.218221 
        32.4471        0.698955        0.392984       -0.198406 
        31.1503        0.705632        0.370331       -0.174631 
        32.0984        0.707141        0.350004        -0.13111 
        30.0076        0.706408        0.332042       -0.128823 
        30.1227        0.706877        0.308311       -0.104829 
        30.7084        0.708129        0.322091       -0.110568 
        34.3285        0.710444        0.279041     -0.00557999 
        35.6466        0.705071        0.233047      0.00274959 
        30.9884        0.708519        0.247691       0.0247406 
        30.0778        0.699735        0.298672       0.0283063 
         32.492        0.694687        0.305397       0.0818177 
        34.6644        0.694361        0.303656     -0.00276029 
        30.6491          0.6991        0.313104      -0.0418242 
        41.2555        0.704232        0.367999      -0.0604974 
        42.1737         0.69991        0.395997      -0.0713633 
        38.6826        0.695258        0.406514      -0.0861807 
        33.2931        0.698495        0.367216      -0.0709224 
        32.6833        0.702111        0.344995      -0.0544367 
        30.8912        0.698371        0.325014      -0.0520293 
        31.8398        0.701781        0.305753      -0.0853368 
        30.0533        0.704323        0.303809      -0.0267969 
        32.5997        0.705748        0.303503       -0.128911 
        31.6568        0.706026        0.300865       -0.114943 
        30.2383          0.7051        0.344024       -0.166113 
        30.5082         0.70221        0.320468      -0.0989847 
        30.9359        0.699252        0.327807      -0.0758567 
        32.9191        0.711174        0.313491       -0.105216 
        38.5033        0.700152        0.284299      -0.0753567 
         31.716        0.701123        0.365167        -0.18438 
        34.7618        0.698996        0.446395       -0.263392 
        34.3869        0.700297        0.452801       -0.344353 
        33.4007        0.703336        0.461231       -0.357481 
        32.8604        0.703428           0.449       -0.357753 
        33.0089        0.703491        0.446901       -0.364237 
        34.7691        0.698107        0.438543       -0.288037 
        33.2841        0.700724        0.430879       -0.253859 
        32.2028         0.71116        0.333446       -0.216471 
        32.7639        0.713429        0.355043       -0.260435 
        31.5541        0.709487        0.374178       -0.279955 
         32.079        0.708538        0.395135       -0.255644 
        33.4336        0.702782        0.427394       -0.336783 
        32.5759        0.705127        0.450646       -0.374319 
        33.0338         0.70655        0.412998       -0.352937 
        34.0719        0.705994        0.427574       -0.273257 
        32.2417        0.710832        0.385751       -0.320599 
        35.6498        0.712234        0.407539       -0.290971 
        34.5024         0.70173        0.431155       -0.342436 
        32.6883         0.70714        0.414345       -0.355919 
         31.611        0.705408        0.417148       -0.316996 
        34.2193        0.713697        0.366124       -0.321868 
        34.6072        0.708417        0.389697       -0.343895 
         34.042        0.700523        0.435153       -0.321358 
        33.0619        0.702562        0.450682       -0.344643 
        33.6654        0.703015        0.468025       -0.375714 
        32.5842         0.70711        0.443299       -0.396829 
        33.9078        0.708836        0.388901       -0.338928 
         32.611        0.711395        0.428198       -0.385151 
        31.9821        0.711142        0.394821       -0.325136 
        31.1743        0.704658        0.405351       -0.273117 
        33.9556        0.703733        0.452968        -0.31858 
        32.1757        0.710037        0.421832       -0.373561 
        33.8789        0.710288         0.38834       -0.238714 
        31.6521        0.705792        0.388391       -0.281309 
        31.5012        0.703406        0.379699       -0.236597 
        30.7585        0.702786        0.379704       -0.203323 
        30.0829        0.706148        0.337178       -0.155066 
        30.2306        0.702285        0.330858       -0.111801 
        30.1888        0.702919        0.332722       -0.122129 
         30.261        0.704122        0.362732       -0.181904 
        31.0111        0.709082        0.374899       -0.250035 
        30.2568        0.706799        0.352337        -0.18728 
        30.0357        0.706329        0.338727       -0.153093 
        31.1157        0.700031        0.368106       -0.131944 
         31.382        0.699281        0.369276       -0.140918 
        33.2722        0.696553        0.347273       -0.101125 
        36.6825        0.695504        0.405846        -0.10914 
        37.1503        0.692745        0.394185        -0.14729 
        37.8019         0.69843        0.339808       -0.160361 
        31.7347          0.6989        0.375546       -0.151898 
        30.4417        0.707166        0.356003       -0.205109 
        33.2759        0.707812        0.342451       -0.109215 
         32.864        0.713239        0.319819       -0.170159 
        32.4199        0.711124        0.347827       -0.184261 
        32.3495        0.705316        0.335977       -0.188418 
        33.1044        0.710566         0.32588       -0.213182 
        31.9891        0.711712        0.344831       -0.202676 
        31.4475        0.710808         0.35817       -0.239385 
        31.9412        0.711096         0.36174       -0.267944 
        31.9757        0.705155        0.408625       -0.313394 
         33.275        0.711316        0.390668       -0.268225 
        32.4018         0.70899        0.389704       -0.243469 
        31.3617        0.703051        0.397857       -0.218943 
        30.2875        0.704788        0.366353       -0.186647 
        30.3616        0.707223        0.355009       -0.197517 
        30.6062        0.707491        0.348071       -0.161081 
         30.218        0.707252        0.333496       -0.156537 
        31.0635        0.706092        0.354855       -0.213813 
        30.5364        0.706521        0.374321       -0.219524 
        33.1497        0.703168        0.419508       -0.238299 
        36.4821        0.696925        0.412957       -0.257683 
        33.1149         0.71369        0.391846       -0.328013 
        31.6856        0.704571        0.394723       -0.278949 
        31.7418        0.703683        0.413639       -0.293894 
        33.6517        0.707666        0.391098       -0.330748 
         32.418        0.704923        0.424043       -0.342652 
        34.8243        0.706285         0.43345       -0.281892 
        35.4699        0.705651         0.42283       -0.242851 
        34.7095        0.701342         0.43369       -0.237847 
        33.1465        0.698505        0.413336       -0.219475 
        33.0654        0.701484        0.378652       -0.232603 
        34.1307        0.701395         0.45644       -0.312819 
        35.2495        0.706315        0.463846       -0.352254 
        38.0545        0.708868        0.478965       -0.389135 
        42.7244        0.712201        0.447805       -0.325624 
        35.2173        0.712032        0.389273       -0.251845 
        38.2644        0.712591        0.426452       -0.314605 
         35.784        0.715681         0.38923       -0.307634 
        31.3024        0.705162        0.371948       -0.240166 
        32.5277        0.710249        0.412396       -0.316125 
        34.1752        0.703348        0.392234       -0.293214 
         37.768        0.705773        0.460502        -0.31243 
        39.8068        0.702809        0.440489       -0.218369 
        33.2731        0.707009        0.384833       -0.193533 
        34.8154        0.712826        0.348466       -0.181221 
        33.2971        0.714125        0.330497       -0.208425 
        31.4966        0.710922        0.327876       -0.182717 
        31.5156        0.698579        0.365377       -0.118249 
        30.7705        0.701915        0.343203       -0.140739 
        33.2177        0.708053        0.329782      -0.0858382 
        29.8914          0.7022        0.335008      -0.0958553 
        30.8311         0.70197        0.304716      -0.0718779 
        32.4704         0.70349        0.339509      -0.0587103 
        30.6691         0.70807        0.281318      -0.0642477 
        29.5853        0.705076        0.294437      -0.0452961 
        34.4753        0.711485        0.282293       -0.028043 
        33.9417        0.708713        0.330285      -0.0885637 
        31.0198        0.700282        0.364103       -0.121116 
        33.8171        0.696161        0.353213      -0.0173081 
        32.5911        0.697844        0.353016      -0.0435542 
        34.1458        0.696137        0.346308       -0.104291 
        30.1603        0.701913        0.340908      -0.0913767 
        30.8269        0.698322        0.317692      0.00633874 
        30.4784        0.700167        0.320581      -0.0169672 
         31.115        0.697802        0.334086      -0.0556814 
        30.1133        0.701781        0.327628      -0.0557579 
        31.4309        0.708592        0.355291       -0.175325 
         31.441        0.703104        0.355471       -0.105947 
        31.0305        0.697614        0.324311      -0.0364604 
        31.6825        0.698786        0.292011      -0.0171503 
        32.2721        0.694296        0.277217        0.081728 
        32.2092        0.693205        0.276441        0.120176 
        31.2446         0.70118        0.252217        0.141829 
        31.7202        0.704716        0.244151         0.12073 
        35.3512        0.699076        0.306376       0.0881751 
        39.9863        0.691652        0.254981       0.0900805 
        39.5773        0.696652         0.29494        0.168354 
        29.9232        0.698443        0.251751        0.141249 
        30.2327        0.698125        0.250845        0.154008 
        30.0011        0.702946        0.203239        0.192403 
        30.4681        0.703666        0.192287        0.212188 
        30.1205        0.697284        0.220178        0.222536 
        38.4875        0.692794        0.244904        0.303255 
          34.56        0.690292        0.211764        0.348592 
        34.0278        0.689936        0.182468        0.323819 
        33.5775        0.690376        0.165695         0.43501 
        30.9168        0.695494        0.136926        0.419752 
        34.8524        0.700021        0.136804        0.425857 
        37.9417         0.69306       0.0771829        0.457814 
        33.1237        0.689925        0.149672        0.409319 
        33.4059        0.701172       0.0649361        0.516718 
        32.4247         0.69088        0.140146        0.461561 
        32.8991        0.696416         0.14132        0.437772 
        31.0335        0.699326        0.110933        0.424062 
        32.5596        0.699886       0.0881992         0.41425 
        32.8809         0.70126       0.0646757        0.474434 
        34.4932        0.703239       0.0465159        0.502065 
        31.8563        0.693013        0.085089        0.520495 
        34.7221        0.693947       0.0647453        0.503363 
        32.8554        0.697758       0.0723863        0.467039 
        30.7978         0.69462        0.131788        0.423594 
        31.1496        0.701061        0.113949        0.376483 
        34.8391        0.703642       0.0820769        0.378308 
        37.4122        0.694689       0.0960189        0.399328 
        40.3705        0.689614        0.109562        0.417694 
        41.8823        0.692381       0.0860918        0.421388 
        42.2948        0.683448        0.104928        0.521565 
        40.6011         0.68226        0.166725        0.526016 
        39.1152        0.684041        0.158412        0.534831 
         41.119        0.682579        0.164533        0.441577 
        37.7066        0.685477        0.153026        0.432476 
        37.7249        0.686478        0.145257        0.422585 
        32.4508        0.694762        0.134319        0.359775 
         33.046        0.700631        0.085988        0.407332 
        31.1296        0.701203        0.114838        0.379422 
        34.0113         0.70499        0.136738        0.346056 
        33.7736        0.697869        0.188631        0.337283 
        31.1916        0.693026        0.173754        0.338066 
        30.8879        0.693949        0.209864        0.264661 
        33.0741         0.69068        0.192987        0.305038 
        31.1801        0.693032        0.187452        0.317762 
        31.1414        0.694103        0.179065        0.348207 
        30.6356        0.694593        0.148605        0.381994 
        30.9549        0.695997        0.121314        0.444575 
         31.882        0.700323        0.100974        0.447059 
        30.4478        0.698685          0.1442        0.365372 
        31.4247        0.703221        0.131016         0.33567 
        33.9804        0.702772        0.105274        0.436096 
        31.2349        0.695593        0.122114        0.454348 
        31.2022        0.696223        0.159661        0.378252 
        32.5629        0.690791        0.202253         0.31517 
        31.1202        0.699679        0.149447        0.360427 
        29.9126        0.698833        0.167266         0.30532 
         31.421        0.696935        0.177483        0.340629 
        31.4979        0.702927        0.132383        0.303383 
        32.5919        0.691093        0.220798        0.267559 
        31.6209        0.692999        0.216637        0.275327 
        34.2188        0.700383        0.192693        0.305373 
           31.2        0.699886        0.200559        0.261588 
        32.5342        0.700166        0.209973        0.256165 
        30.3117        0.696973        0.185319        0.301906 
        30.8155        0.699805        0.162308        0.258968 
        29.7009        0.698544        0.218249         0.20562 
        30.9106         0.70093        0.170683        0.226953 
        29.7177        0.703075        0.213884        0.160529 
        29.8801        0.703074        0.194503        0.191196 
        30.2368        0.696391        0.215566        0.200944 
         29.628        0.700364        0.219496         0.18598 
        30.0492          0.6986         0.24798        0.100742 
        29.7103        0.699422        0.252401       0.0889151 
        29.5489        0.703133        0.222204        0.129957 
        29.4047        0.699572        0.246594        0.119155 
        29.6033        0.701538        0.274797        0.018291 
        30.2724        0.707426        0.268382     -0.00929174 
        30.7224        0.707823        0.299521      -0.0567416 
        30.9255        0.705218        0.308599      -0.0316225 
        33.5216        0.699704        0.275015      -0.0157169 
        30.1503        0.703156        0.283298       0.0351366 
        30.9846        0.700346        0.253488       0.0483635 
        29.6038        0.702907        0.249159       0.0954448 
        30.2885        0.704409        0.227789       0.0791787 
        35.2728        0.707727        0.207191       0.0457447 
         36.652        0.709554        0.231344        0.124057 
         36.038        0.704315        0.227128        0.202009 
        33.5579         0.70972        0.173496        0.168352 
        31.5263        0.707145         0.19505        0.162037 
        32.8628        0.706294        0.161961        0.263221 
        31.9434        0.693467        0.198872        0.251852 
        32.2324        0.693978        0.193895        0.247169 
        35.3532        0.691666        0.219848        0.197544 
        31.0393         0.69407        0.232661        0.203471 
        29.6544        0.699738        0.188447        0.229958 
        31.6658        0.706902         0.18665        0.184538 
        30.8747        0.704561        0.179504        0.226066 
        29.8414        0.697685        0.179565        0.289053 
        30.4574        0.695865        0.231664        0.209841 
        30.6737        0.694549        0.219493        0.234057 
        30.3408        0.695398        0.168114        0.324074 
        30.2381        0.700174         0.17066        0.296614 
        29.8073         0.70125        0.185496        0.240863 
         29.891        0.700492        0.205827         0.21922 
        35.5035          0.7102        0.168435        0.214179 
        31.2696        0.699604        0.231125        0.202972 
        30.5223        0.704695        0.187826        0.196626 
        30.5306        0.703859        0.190479        0.213305 
         32.082         0.70074        0.167436        0.219394 
        29.8937        0.697131        0.229811         0.19069 
        30.0133        0.696722        0.194006        0.274092 
        30.4639        0.696937         0.20312        0.209958 
        29.7735        0.700858        0.178568        0.252597 
        31.7389        0.705809        0.155164        0.245446 
        31.5414        0.693055         0.22526        0.249772 
        31.4516        0.695746        0.223786        0.168115 
        30.7462        0.701727        0.206349        0.221185 
         30.701        0.695111        0.243147        0.186313 
        30.6635        0.694959        0.215617        0.219627 
         30.711        0.699616        0.207539        0.242784 
        30.2833        0.696767        0.191564        0.242493 
        30.0624        0.701387        0.187888        0.245181 
        32.1399        0.699048        0.106816        0.379486 
        31.0613        0.700455        0.111628        0.400439 
        31.6167        0.692035        0.159968        0.392786 
        31.7391         0.70318        0.116859        0.358191 
        30.0845        0.698803        0.156294        0.304739 
        30.2527        0.698559        0.205893        0.247373 
        30.9187        0.698616        0.210148        0.250843 
         33.902        0.690324        0.212626        0.259865 
        35.9984        0.692483         0.24882         0.27422 
        33.0607        0.691045        0.248027         0.21395 
        35.9303        0.694718        0.234762        0.113063 
        31.8499        0.695825         0.29297       0.0991545 
         30.826         0.69649        0.268571        0.133485 
        32.1499        0.698475        0.287468        0.102338 
        32.2246        0.696824        0.314909       0.0494605 
        31.4768        0.707342        0.271803       0.0225434 
        32.9603         0.70657        0.315284      -0.0373816 
         33.042        0.710573        0.297824       -0.060978 
        30.7984        0.702819        0.298714       -0.069231 
        30.7962        0.706024        0.315776       -0.060557 
        31.8208        0.698405        0.339328      -0.0255127 
        32.0682        0.698383        0.299137       -0.029893 
        31.5609         0.70471        0.306547      -0.0112644 
        29.8828        0.702725        0.310192      -0.0276501 
        29.8249          0.7029        0.278474       -0.010641 
        29.6477        0.705087        0.285428      -0.0131012 
        31.2037        0.706779        0.304009      -0.0391386 
        31.3954        0.709903        0.294881       -0.112928 
        30.1277        0.704961        0.302046      -0.0835589 
        33.0731        0.700257         0.29916      -0.0668848 
        35.2522        0.710473        0.259587      -0.0885427 
        33.1161        0.707891        0.304409       -0.152488 
        34.6494         0.71579        0.340039       -0.264483 
        33.5164        0.713248        0.337665       -0.249752 
        32.1038         0.70643        0.380953       -0.192977 
        31.8504        0.706444        0.394581        -0.23053 
         33.964        0.696851        0.406074       -0.200372 
        34.2466        0.696029        0.391722       -0.171795 
        32.7777        0.699299        0.410208       -0.206451 
        33.3464        0.698586         0.39003       -0.208644 
        34.7088        0.696252        0.402073        -0.20059 
        31.7085        0.703875        0.379075       -0.166401 
        34.9287        0.711944        0.328152       -0.123031 
        33.0393        0.709344        0.263869      -0.0703307 
        30.1135        0.707098        0.283033      -0.0313069 
        30.8237        0.708531        0.320887       -0.112634 
        33.5353        0.705296        0.338383      -0.0654348 
        30.1978        0.702082         0.32295      -0.0946705 
        32.0588        0.699183        0.303458      -0.0497589 
        33.6212        0.698266        0.388549       -0.119478 
        30.6147        0.704315         0.34197       -0.164638 
        30.4256        0.707449        0.347258       -0.190848 
        31.4831        0.709662        0.318891       -0.114128 
        31.6056        0.710953        0.308548       -0.123403 
        30.2937        0.705373        0.345584       -0.132161 
        30.4663        0.706745        0.328718       -0.156112 
        32.6537        0.702679        0.353443      -0.0799007 
        30.5947        0.701017        0.311309      -0.0680218 
         30.879        0.706752        0.315991      -0.0701096 
        30.1984        0.702398        0.346257       -0.107581 
        30.3448        0.706564        0.325853       -0.101421 
        30.3248        0.705848        0.292033      -0.0733446 
         29.688        0.704596        0.319976       -0.097052 
        31.9747        0.710954        0.297276       -0.130556 
        32.4478        0.705657        0.274531      -0.0652777 
         29.487        0.701448         0.28712       0.0231948 
        31.5199        0.702672        0.261563        0.108824 
        32.4738        0.703666        0.255096        0.121273 
        40.8344        0.707446        0.250715        0.144814 
        33.8459        0.695875        0.198896        0.188616 
        30.1449        0.698819        0.216675        0.159893 
        30.8406        0.704029        0.193162        0.153028 
        29.5793         0.69864        0.203674        0.212862 
        31.1447        0.694286        0.206934        0.287608 
        30.3075        0.695559        0.197492        0.279062 
        32.4989        0.694374        0.198984         0.22601 
        29.9267        0.696811         0.21809        0.201518 
        30.3836        0.702394        0.201473        0.214496 
        30.4411        0.697078        0.262954        0.135104 
          29.58        0.701252        0.236529        0.101792 
        31.9281        0.701439         0.18389        0.177016 
        30.8507        0.703699        0.218819         0.17196 
          33.07        0.709598        0.186202        0.134844 
        32.6335         0.70786        0.248517       0.0764644 
        31.0077        0.704835        0.294565      -0.0833378 
        32.0176        0.704383        0.315163       -0.020188 
        31.4174        0.706078        0.295595     -0.00795567 
         31.704        0.708497        0.239738       0.0655808 
        30.6561        0.699962         0.25617       0.0525662 
        29.6049        0.699526        0.278495         0.05493 
        30.0379        0.701147        0.282375     -0.00344555 
        32.5531        0.694955        0.333416      -0.0224635 
        32.3791        0.697167         0.31696      -0.0470773 
        36.9432        0.690831        0.365197        -0.04601 
        31.3948         0.70294        0.341562      -0.0721606 
        31.6279        0.710757        0.307828       -0.114047 
        33.2465        0.712062        0.312361       -0.114882 
        30.5646        0.705475        0.339344       -0.111057 
        32.0792        0.707303        0.308621      -0.0437799 
        35.8218        0.701517         0.32422       -0.154659 
        30.5791        0.708092        0.351896       -0.184399 
        32.6917        0.711111        0.329667       -0.140829 
        30.4812        0.704844        0.365004       -0.170007 
        30.2011        0.705496        0.340566       -0.124505 
        30.5107        0.702858        0.357329       -0.129356 
         29.892         0.70137        0.299245       -0.034361 
        29.6949        0.704312        0.279758      -0.0208843 
        30.4706        0.699497        0.298167      -0.0186273 
        30.7379        0.704876        0.258087        0.075798 
        31.9134        0.701131        0.261892        0.130382 
        32.0525        0.692989        0.264109         0.15647 
        33.9996        0.696176        0.201607        0.177394 
        30.2229        0.700811        0.271225       0.0880619 
        29.6235        0.701736        0.243626       0.0798002 
        31.2013        0.707858        0.220739       0.0941817 
        30.2783        0.704919        0.243663       0.0396837 
         30.389        0.699311        0.247648       0.0832781 
        31.9847        0.699465        0.225405        0.105425 
        31.4701        0.706228        0.225867       0.0526111 
        32.6967        0.706474        0.237581        0.120287 
        30.2898        0.702322        0.230156        0.158515 
        29.3852        0.699781        0.225306        0.157814 
        31.1512        0.699991        0.150258        0.280229 
        33.6954         0.70721        0.149722        0.278424 
        33.3567        0.708103        0.148758        0.243993 
        30.4125        0.701437         0.14709         0.31282 
        32.2073        0.704812        0.125139        0.323999 
        39.3994        0.709727       0.0897872        0.295821 
        40.1917        0.709971       0.0580182        0.379978 
        36.4818        0.705282        0.125641        0.387597 
        37.2377        0.705112        0.137815        0.374393 
        33.1448        0.697497        0.148701        0.414965 
        31.5297        0.693653        0.177596        0.362224 
        31.3821         0.69947        0.198507         0.27286 
        29.7514        0.697759        0.189683         0.25254 
        31.0719        0.694594        0.225309        0.243612 
        29.5358        0.702316        0.213323        0.153296 
        30.9494        0.705132        0.192353        0.196878 
        30.6439        0.700243        0.196641        0.256358 
        35.5974        0.705933        0.149014        0.326462 
        33.7465        0.705106       0.0945754        0.364058 
        34.9256        0.696108        0.116815        0.355345 
        37.0994        0.689829        0.174998        0.302956 
        30.6523        0.695556         0.20463          0.2774 
        30.0494        0.696135        0.205259        0.246576 
        32.7641        0.694156        0.220543        0.289086 
        34.3227        0.692237        0.249762        0.253246 
        33.9257        0.693819        0.195772        0.359731 
        33.5073        0.689858        0.176986        0.347532 
        35.3676         0.68876        0.208307        0.281091 
        33.8676        0.690026        0.232949        0.280481 
         33.162        0.691901        0.240047        0.185409 
        30.9066        0.695313         0.22208        0.190799 
        32.0998        0.695209         0.24489        0.219237 
        31.3673        0.693563        0.216234        0.270997 
        32.7546        0.692567        0.177774        0.389462 
        33.2632        0.689394         0.14689        0.428395 
        31.2513        0.693432        0.155483        0.399836 
        31.5504        0.696515        0.170571        0.360201 
        31.4641        0.697292        0.146338        0.399048 
        30.6836        0.700382        0.125562        0.362303 
        30.9136        0.702457        0.137707        0.324388 
        37.4578        0.695411        0.207316        0.353846 
        33.4986        0.692661        0.172647         0.41114 
           30.6        0.695357        0.131794        0.408017 
         32.845        0.692371        0.169113        0.410252 
        32.1282        0.697703       0.0818648        0.456118 
        31.7548        0.695847       0.0992325        0.439187 
        30.3369          0.6967        0.136999        0.383644 
        35.4939         0.69995        0.117263        0.470032 
        32.2368        0.690945        0.121629         0.47138 
        32.7637        0.692416        0.119067        0.511476 
         31.965        0.691861       0.0965027        0.523773 
        33.3278        0.691586       0.0960357        0.570729 
         36.501        0.688634       0.0985298         0.62551 
        33.8469        0.688556       0.0981885        0.537975 
        32.7098        0.690351        0.111582        0.525425 
        36.6104        0.691906        0.098557        0.436164 
        32.9303        0.691768        0.121295        0.430777 
        30.9106         0.69948        0.178031        0.305782 
        32.5428        0.691527        0.225953        0.238315 
        35.3692        0.700219        0.208822        0.284251 
        36.7579        0.710138        0.152887        0.257615 
        34.0904        0.705836        0.115575        0.294404 
        29.9316        0.701169          0.1919        0.195881 
        29.6553        0.701276        0.189959        0.221506 
        30.0551        0.696462        0.232492        0.179055 
         31.732         0.69447        0.266685        0.108222 
        30.9091        0.696251        0.280551        0.105359 
        30.2306        0.698141        0.296337       0.0395462 
        31.6169        0.701185        0.322755     -0.00842329 
        29.6052         0.70082        0.300656     -0.00880968 
        29.4168        0.703753        0.283871      -0.0105915 
        33.2532        0.698866        0.281927       -0.016423 
        33.3291        0.694949        0.331533      -0.0429011 
        31.9081        0.697778        0.362662        -0.11684 
        33.8484        0.695678        0.375427       -0.133286 
        33.3691        0.701659        0.380154       -0.124525 
        31.5711        0.702998         0.35783       -0.195059 
        31.1417        0.710054        0.307876        -0.13078 
         29.947        0.705293        0.343073       -0.146124 
        30.4069        0.705433         0.34351       -0.124423 
        32.4186        0.711583        0.343997       -0.185342 
        32.6798        0.702538         0.39085       -0.167591 
        31.6259        0.704842        0.392113        -0.21062 
        30.6101        0.702799         0.37031       -0.188823 
        33.6683        0.707615        0.307713       -0.162867 
        31.1609        0.708747        0.321209       -0.165287 
        31.4835        0.703789        0.355966       -0.199729 
         30.525        0.701633        0.362397       -0.151227 
        33.5787         0.70975        0.338741        -0.12559 
        30.0472        0.706866        0.291773      -0.0658673 
          31.96        0.701236        0.312013        -0.09243 
        32.9282        0.709167        0.325915      -0.0972174 
        30.3143        0.707502         0.30247      -0.0693492 
        32.8778        0.699744        0.293026      -0.0462507 
        30.7348        0.700068        0.308829      -0.0524387 
        32.2609        0.700597        0.272444      -0.0090598 
         31.832        0.706715        0.311906      -0.0456871 
         32.476        0.698838        0.322249      -0.0852552 
        33.0993        0.705152        0.296332       -0.113663 
        32.5747        0.705607        0.333266      -0.0682438 
        30.0384        0.700787        0.306255      0.00261436 
        30.6858        0.700727        0.264442        0.112129 
        31.7286        0.696961        0.290339       0.0993716 
        29.5806        0.698758         0.25534        0.107379 
        30.2859        0.697562        0.215724        0.177386 
        30.6233        0.696362        0.263797        0.138694 
        32.1877        0.692928        0.243231         0.17623 
        30.5039         0.69617        0.232557        0.209741 
        31.3111        0.695907        0.238743        0.215909 
        30.7216        0.696366        0.224271        0.233643 
        30.7521        0.704549        0.171847        0.224479 
        31.4639        0.703874        0.189797        0.233852 
        31.0743        0.702072         0.22585        0.183426 
        31.8693        0.703099        0.227289        0.178128 
        34.2306         0.70605        0.198114         0.21955 
         30.116        0.701982        0.175131         0.22917 
        34.5416         0.69614        0.214394        0.146299 
        31.0866        0.697401        0.219568        0.156449 
        31.1232        0.701362        0.209989        0.224531 
        34.7558        0.689647        0.229699        0.230654 
        35.2941        0.692788         0.26354        0.231501 
        36.3084        0.693918        0.196157        0.200921 
        29.5742        0.699797        0.193859        0.234009 
        29.8936        0.698333        0.203203        0.244712 
        31.7421        0.695527        0.199895        0.216086 
        30.8783        0.694818        0.214261        0.263307 
        30.9989        0.694556        0.245163        0.190209 
        34.4344        0.694668        0.234496        0.127417 
        33.6309        0.696157        0.282714        0.148512 
        33.3973        0.693077        0.276055       0.0899171 
        33.4638        0.694536        0.250282        0.108565 
        31.1476        0.698742        0.286545       0.0875089 
        29.7175        0.701732        0.282624       0.0413649 
        29.6485        0.698862        0.257636       0.0929309 
        30.3621        0.702069        0.247408       0.0516854 
        31.3681        0.694252        0.259534        0.139352 
        31.6973        0.694233        0.250888        0.141958 
        31.3275        0.693971         0.25436        0.167061 
        32.5118        0.692742        0.272845        0.156681 
        29.2944        0.701861        0.260838       0.0592019 
        31.1104        0.706217        0.259731       0.0585231 
        30.0841        0.701149         0.20915         0.15089 
        29.6536        0.703641        0.223471        0.117063 
        32.6119        0.703326        0.180166        0.162376 
        32.0175        0.701475        0.251936        0.148877 
        30.3243        0.704847         0.26265       0.0590789 
        29.4101        0.703852        0.263115       0.0370599 
        29.3838        0.702981        0.249937       0.0672936 
        31.9609        0.694428        0.241558        0.149048 
        39.9374         0.69102        0.228144          0.1537 
        39.5583        0.695583        0.298739        0.169484 
        31.2958        0.695299        0.270554        0.141283 
        32.3259        0.697482        0.249892        0.195961 
        31.9623        0.696199        0.254787        0.189349 
        32.8756        0.705734        0.207027        0.080745 
        30.0531        0.703891        0.233171       0.0749841 
        29.4594        0.703657        0.244825       0.0792977 
        29.5588        0.701267        0.239251       0.0963954 
        29.4549        0.703372        0.241241       0.0932753 
        35.2903        0.709407        0.198557       0.0586709 
        34.2533        0.704152         0.19625        0.103182 
        32.1832        0.708639        0.202282        0.132055 
        30.5565        0.705977        0.210021        0.135196 
        31.5456        0.706726        0.188181        0.147633 
        30.1338        0.700834        0.249164        0.133646 
        30.1756        0.703945        0.208463        0.131799 
        31.2256        0.697893        0.211849        0.163662 
        37.6317        0.689358        0.230455        0.197448 
        32.4424        0.705421        0.172294        0.255095 
        30.3786        0.695297        0.175676         0.30612 
        32.0267        0.695934         0.18987        0.332559 
        33.5493        0.693628        0.100038         0.43933 
        32.6364        0.693468       0.0881859        0.482894 
        34.5349         0.69597       0.0623087        0.487702 
        36.3587        0.703644       0.0185633        0.543193 
        35.2613         0.70285        0.026082        0.558196 
        33.6286        0.698983       0.0307195        0.604727 
        32.8596        0.698895       0.0467552        0.565906 
         32.851        0.690011       0.0892796        0.553459 
        32.0719        0.694674       0.0541349        0.584293 
         33.142        0.690826       0.0548609        0.602804 
        34.8651        0.691166       0.0815207        0.624456 
        33.6343        0.689478       0.0572049        0.652677 
         35.068         0.69047       0.0166806        0.663026 
        34.7522        0.691184       0.0159737        0.658741 
        33.8997        0.688948       0.0633081        0.648863 
         38.321        0.688057        0.075077        0.696686 
        38.4487        0.690238       0.0625587        0.706634 
        33.2207         0.69557       0.0162922        0.641022 
        32.4684        0.697167       0.0550674        0.574093 
        32.6377        0.691352       0.0585738        0.607417 
        32.8456        0.690949        0.100754        0.553234 
        32.9489        0.690418        0.103403        0.499889 
        31.4424        0.693924        0.145649        0.424696 
         33.838        0.702297        0.140363         0.37891 
        32.5318        0.690491         0.15017        0.439634 
        35.2922        0.690051        0.128083        0.414654 
        39.9821        0.682322        0.172013        0.482852 
        38.4302        0.684308        0.176557        0.478511 
        41.2618        0.682026        0.165773        0.540107 
        32.6585        0.690711        0.106077        0.536746 
        33.1623        0.692131       0.0807819        0.512735 
        31.0651        0.696077        0.106767        0.435703 
        32.6572        0.697149       0.0954031        0.513433 
        31.4925        0.698599       0.0821508        0.475792 
        32.3756        0.696541       0.0751351        0.480197 
        32.6986        0.697196       0.0767676        0.463573 
        34.4122        0.704591        0.113982        0.396673 
        30.3612        0.696543        0.136334        0.385549 
        33.2447        0.692177        0.103199        0.458764 
        31.0544        0.695736        0.119259        0.453058 
        31.4297        0.697435        0.131117        0.425343 
        31.3272        0.694722         0.15794        0.394154 
        30.1302        0.697535        0.149463        0.352741 
        32.3975        0.692976        0.146577        0.362273 
        30.7859        0.702488        0.186256        0.249244 
        35.4028        0.701594        0.200646        0.284885 
        33.6023        0.698049        0.221332        0.265911 
        33.9283        0.697722        0.170655        0.225215 
          32.84        0.698768        0.210753        0.272917 
        30.4286         0.69525        0.210645        0.232195 
        29.9336        0.700204        0.186158        0.218489 
        30.6097        0.701502        0.208945        0.216607 
        30.1183        0.699803        0.216309        0.211682 
        29.8479         0.70369        0.208608        0.147337 
        32.3941        0.704861        0.205013       0.0963585 
        29.5478        0.699144        0.229718        0.171439 
        31.2109        0.699952        0.211015        0.239963 
        31.5465         0.69795        0.191026        0.203309 
        32.4541         0.69989        0.200379         0.14965 
        29.7013        0.697961        0.238305        0.161493 
        29.9667        0.703609        0.204836        0.175289 
        29.6397        0.698288        0.217124        0.184686 
        32.9684        0.693023        0.207387        0.226373 
        32.6586        0.692665        0.200682        0.251578 
        33.3057        0.690516         0.23755        0.233834 
        33.0726        0.693149        0.155099        0.330818 
        30.8543         0.69455        0.131117        0.408658 
        35.5085        0.699282       0.0864686        0.388416 
         34.032        0.701591       0.0430079         0.51123 
        32.4732        0.699002       0.0562406        0.516366 
        36.8222        0.702871       0.0689604         0.52914 
         32.364        0.699958       0.0656785        0.488644 
         34.029        0.700903       0.0589276        0.542249 
        33.0266        0.693515        0.047588        0.576035 
        32.6322        0.695219       0.0445989        0.572447 
        33.3523          0.7001        0.038552        0.554645 
        31.5753        0.696872       0.0748852        0.502733 
        31.2466        0.694941       0.0918123        0.496198 
         38.214        0.698562        0.119105        0.505307 
        36.3497        0.702351        0.104975        0.468089 
        42.7997        0.701543         0.02554        0.466485 
        36.3055        0.693878       0.0526947        0.516885 
        34.7254        0.698662        0.027261        0.550942 
        32.0372        0.695039       0.0561643        0.580233 
        33.9784        0.691239       0.0137209        0.680293 
        35.2852        0.690236       0.0645368        0.669376 
        38.3313        0.693556       0.0532155        0.691989 
        40.7687        0.684806       0.0612744        0.767467 
        36.7403         0.68475       0.0510594        0.725675 
        41.0716         0.69285      0.00827197          0.8074 
        43.1303         0.68534       0.0632737        0.781177 
        43.6129        0.682287       0.0574331          0.8136 
        46.8201        0.676369       0.0686583        0.735974 
        43.0021        0.678601       0.0673393        0.757102 
        39.5945        0.687338       0.0302684        0.804262 
        41.1833        0.688694       0.0119734        0.843222 
        38.9518        0.685717       0.0061376        0.720205 
        35.0338        0.690233       0.0380985        0.716102 
        34.5331        0.688574       0.0726611         0.64762 
        34.3253        0.689358       0.0848392        0.535362 
        31.1444        0.696482       0.0907519        0.481166 
        32.5854        0.690327        0.126086        0.466263 
        33.7964        0.690061        0.151768        0.469623 
        30.9951        0.695898        0.104175        0.449881 
        33.2975         0.68983         0.14625        0.413985 
         31.523        0.696292        0.159714        0.383287 
        33.5495        0.689841        0.215588        0.311603 
         36.926        0.686212        0.230173        0.309144 
        36.7528        0.688703        0.203317        0.401656 
         33.864        0.688577        0.176287        0.392045 
        38.8029        0.693657         0.22094        0.350758 
        33.4013        0.701613        0.110795        0.332596 
        32.5317        0.703489        0.116694        0.381375 
        31.9858        0.692109        0.181605        0.364339 
        31.6878        0.694458        0.123779        0.469734 
        30.5791        0.695553        0.142238        0.397238 
        31.1729        0.696115        0.115346        0.408784 
        31.6413        0.695956        0.123054        0.381831 
        35.1538        0.707883         0.12798        0.321391 
        34.7349         0.70719        0.118194        0.343596 
        36.5611        0.707374        0.181803        0.251886 
        31.9829        0.704812        0.161858        0.275579 
        29.8484        0.699948        0.169793        0.269197 
        31.3892        0.698076        0.158605        0.276555 
        30.8355        0.694424        0.189499        0.278232 
        31.0666        0.693993        0.188919        0.324583 
        31.2267         0.70245        0.130096         0.31985 
        29.9908        0.696762         0.17123        0.309195 
        31.1908          0.7006        0.143391        0.291458 
        33.1297        0.706175        0.125274        0.289583 
         34.552        0.702549        0.171976        0.322378 
        33.5537        0.704964        0.182408        0.258501 
        34.6565        0.708607        0.124766        0.289084 
        34.7568        0.706491        0.143987        0.316978 
        33.1016        0.705682        0.128545         0.33055 
        32.3105        0.699663        0.163517        0.351862 
         32.005        0.704433        0.141014        0.315135 
        32.1432        0.701376        0.155392        0.241383 
        36.9673        0.704378        0.156741        0.171478 
        33.2704        0.707789        0.223701        0.133057 
        29.7879        0.700007        0.206705        0.176175 
        31.0055        0.701614        0.179722        0.198087 
        29.6401        0.701142        0.219521        0.139298 
        29.6785         0.70298        0.207788        0.162575 
        30.1221        0.696866        0.249003        0.155723 
        29.5663        0.698534        0.243725        0.137869 
        29.9868        0.704592        0.213928        0.128874 
        30.1816        0.696025        0.229281        0.199545 
        35.0531        0.699962        0.278063        0.138795 
         31.074        0.705688         0.25113       0.0831491 
         35.637        0.705484        0.194673       0.0858447 
        33.9814        0.709008        0.263846       0.0438951 
        33.2519        0.705853        0.277912       0.0537862 
        30.3779        0.699897        0.266587        0.109578 
        29.8577        0.702611        0.216218        0.128364 
        31.1139        0.701164        0.287879       0.0631934 
        32.7334        0.710254         0.23877     -0.00631628 
        32.2592        0.708596        0.239306     0.000457928 
        29.5466        0.703065        0.243108       0.0730531 
        37.6628         0.69219        0.266831       0.0755965 
        34.0834        0.691155        0.282184        0.118127 
        31.2384        0.698243         0.27207         0.12554 
        30.0138        0.704947        0.226234        0.114984 
        29.4286         0.70275        0.229978        0.118066 
        34.0739        0.709398        0.174848        0.135512 
        34.7842        0.709403        0.146348        0.204097 
        37.2582        0.705392        0.134492        0.215066 
        37.3539        0.711189        0.178175        0.201124 
        30.0892        0.700564        0.161235        0.276334 
        29.9998        0.700129        0.167651        0.264814 
        29.6628        0.701915        0.202207        0.197127 
        30.3278        0.697538        0.193076        0.225465 
        31.3944        0.693164         0.22446        0.233924 
        29.9256        0.700489         0.20241        0.176923 
        29.5876        0.700778        0.213885        0.190434 
        30.9581        0.700146        0.201841        0.252468 
        30.6191         0.70175        0.220475        0.190978 
        29.7416        0.697921        0.230757        0.182101 
        30.9782        0.704829        0.195783        0.197986 
        29.4067        0.700185        0.213295        0.184435 
        30.0097        0.701125        0.255797        0.113903 
        30.2177         0.69843        0.273658       0.0504683 
        33.9908        0.694837        0.272945       0.0537833 
        35.3243        0.691857        0.312341       0.0256605 
        29.9983        0.698833        0.267165       0.0614888 
        30.0757        0.698846        0.256104       0.0800911 
        30.9104        0.697718        0.313922       0.0189999 
        31.8247        0.695321         0.29555       0.0378496 
        29.8222        0.699488        0.275881       0.0765602 
        30.1386        0.701151        0.281558       0.0601223 
        30.7952        0.695063        0.252049         0.15106 
        30.0401        0.703173        0.194594        0.175512 
        30.9462        0.699043        0.161402         0.26646 
        31.6142        0.703466        0.171355        0.275888 
         30.166        0.695822        0.187235        0.279294 
        31.0334        0.694199        0.215029        0.227263 
        29.6217        0.702604        0.209236        0.169914 
        31.6033        0.705835         0.17074         0.23107 
        30.3417        0.702837        0.166527        0.247104 
        31.1822        0.700872        0.151121        0.270219 
        31.0093        0.694969        0.209709         0.27725 
        30.6025        0.696888        0.217452        0.243095 
        36.4217        0.692769        0.204376        0.200274 
        31.2009         0.69419        0.250454        0.179969 
         30.038        0.698461        0.229572        0.193636 
        32.4114        0.692513        0.252996        0.166638 
        32.0312         0.69297        0.223672        0.213602 
        30.2675        0.703501        0.190908        0.176105 
        30.4637        0.704873        0.191204        0.174194 
        34.1925        0.706911        0.250467        0.104124 
        31.8615        0.704388        0.188485         0.14514 
         32.016         0.69894        0.215958        0.131503 
          30.86        0.698512        0.290619       0.0741268 
        29.4222        0.702476        0.238032       0.0949811 
        29.3628        0.701592        0.256876       0.0854322 
        29.5356        0.699022         0.25649        0.105981 
        31.9544        0.702665        0.283974       0.0666783 
        30.7567        0.696366        0.285684       0.0846235 
        36.6707         0.69309        0.303036        0.153577 
        37.9764        0.687202        0.285577        0.153735 
         38.959        0.689714        0.322459        0.144058 
        38.7713        0.686597        0.298446        0.144002 
        36.8011         0.69111        0.265804        0.104937 
        39.5405         0.68654        0.322293        0.126446 
        40.8713        0.684965         0.30914        0.168779 
        38.2382        0.690009        0.270993        0.102535 
        35.7206        0.689615        0.306797        0.108788 
        35.9134        0.692919        0.339421       0.0569395 
        35.3212        0.692347        0.284194       0.0632524 
        32.2279        0.697958        0.243065       0.0849762 
        31.5295        0.696741        0.275019        0.050228 
        31.0764        0.695292        0.280517       0.0931094 
        30.1576        0.698356        0.296831       0.0349634 
        30.1534         0.70115         0.30609      -0.0507106 
        29.7916        0.703064        0.333211       -0.102128 
        30.6871        0.704485        0.335546      -0.0872526 
        32.3423        0.709326        0.288735       -0.117202 
        30.8519        0.705117        0.271381      -0.0341689 
        29.3518        0.701816        0.276344       0.0251997 
        32.1048        0.697176        0.271669       0.0407857 
        34.2038        0.697309        0.333839       0.0290835 
        30.5755        0.698076        0.317973       -0.012272 
        30.5587        0.702855        0.281554      -0.0311642 
        30.0951        0.703648         0.27543       -0.017518 
        31.8414        0.710807        0.279099      -0.0578353 
        31.0747        0.703146         0.31875      -0.0268923 
        34.2692        0.700072        0.295094      -0.0672233 
        29.6254        0.704354        0.299794      -0.0582021 
        31.2948        0.700943        0.333216       -0.119275 
        30.3563        0.704696        0.361866        -0.19379 
        30.0346        0.705176        0.349942       -0.162416 
        30.7405        0.702394        0.343856       -0.147798 
        32.6185        0.703405        0.375474        -0.13922 
        33.9723        0.698387        0.410418       -0.245056 
        33.0375        0.702137        0.425199       -0.248239 
        32.6493        0.705253         0.41358       -0.250775 
        32.4086        0.711616        0.396505       -0.306342 
        31.7869         0.70359        0.412901       -0.253453 
        31.7463        0.708628        0.360926       -0.255428 
        30.9438        0.708287        0.373121       -0.255812 
        32.2598        0.706054        0.386417        -0.19906 
        31.9646         0.70446        0.382542       -0.176505 
         30.105        0.705689        0.311642       -0.106943 
        30.4205        0.708222        0.323837       -0.145497 
        34.6782         0.69862        0.327213       -0.114572 
        29.8898        0.701282        0.323486      -0.0529636 
        30.7734        0.700866         0.33016      -0.0380138 
        30.5617        0.700859        0.327415      -0.0360892 
        30.6834        0.697476        0.308959       0.0026141 
        29.7796        0.699726        0.276593       0.0721886 
        30.7321        0.697135        0.293565       0.0289356 
        29.6684        0.704181        0.283913      0.00720989 
        30.7672        0.701042        0.244558       0.0621419 
        33.1611        0.698379        0.249116       0.0572444 
        36.1291        0.695398        0.259374       0.0520547 
        35.2641        0.696929        0.263587       0.0288345 
        31.8229        0.698654        0.263324       0.0391937 
        30.2404        0.700402        0.321296      -0.0273421 
        30.4195        0.699232        0.329681      -0.0521038 
        34.4365        0.694757        0.367138      -0.0421035 
        31.7985         0.69693        0.336422      -0.0610825 
        29.7424        0.702981        0.319851      -0.0853286 
        30.6453        0.704332        0.350578       -0.122297 
        29.6464        0.702773        0.273676      0.00545367 
        30.2328        0.701744        0.301042      -0.0511873 
        31.5382        0.697323        0.337752      -0.0642544 
        34.3416        0.707264        0.330969      -0.0664204 
        32.8538        0.703986         0.33331      -0.0459813 
        31.9143        0.696385        0.300495      0.00416727 
        31.8972        0.701243        0.326965      -0.0147138 
        30.9008        0.697075        0.291044       0.0287899 
        30.7729        0.697811        0.298505      0.00429409 
        30.6745        0.700559        0.298668      -0.0395285 
        33.0762        0.697376        0.358725        -0.13242 
        30.5694        0.705212        0.363229       -0.166439 
        30.5141        0.703843        0.369972       -0.200404 
        30.6115        0.705404        0.382548       -0.226487 
        32.1341        0.704482        0.388494       -0.188578 
         32.659        0.701365        0.311618       -0.100989 
        30.8285        0.709405        0.304323       -0.112149 
        32.8244        0.711468        0.271374      -0.0864213 
        36.2622        0.709164        0.280983       -0.137072 
        33.3663        0.711505        0.267969      -0.0884208 
        33.2822        0.707684        0.257788      -0.0511335 
        30.8556        0.706547         0.27996      0.00821104 
        31.1369        0.709262        0.286894      -0.0514829 
        29.4821         0.70213         0.30144       -0.027089 
        29.7893        0.699559        0.269357       0.0515832 
        29.7992        0.699087        0.257755       0.0811513 
        30.2938        0.698134        0.226599        0.145558 
         29.713        0.699616        0.176659        0.264546 
        30.2611         0.70309         0.17295        0.237215 
        29.8237         0.69987        0.196623        0.241335 
        29.9081        0.699514        0.231745        0.177574 
        29.4467        0.699425        0.220207          0.1822 
        31.6992         0.69989         0.16848        0.229922 
        30.1302        0.697557        0.229254        0.153765 
